0, 0, 3.08785, 2.7025, 9.65592
0, 0.25, 3.76869, 3.09401, 8.19028
0, 0.5, 3.67393, 2.81698, 8.31804
0, 0.75, 3.66655, 2.61249, 8.31338
0, 1, 3.58386, 2.35922, 8.43973
0, 1.25, 3.57466, 2.15932, 8.43625
0, 1.5, 3.49793, 1.92328, 8.56458
0, 1.75, 3.44478, 1.70725, 8.65158
0, 2, 3.39526, 1.49859, 8.73945
0, 2.25, 3.33695, 1.29189, 8.84728
0, 2.5, 3.36503, 1.12028, 8.77986
0, 2.75, 3.32822, 0.927542, 8.84393
0, 3, 3.33469, 0.748509, 8.82225
0, 3.25, 3.33178, 0.567179, 8.82118
0, 3.5, 3.35236, 0.388887, 8.77452
0, 3.75, 3.34939, 0.206909, 8.77422
0, 4, 3.36984, 0.0254304, 8.72851
0, 4.25, 3.37041, -0.157339, 8.72918
0, 4.5, 3.35128, -0.338181, 8.77472
0, 4.75, 3.35378, -0.520305, 8.77524
0, 5, 3.32513, -0.696177, 8.84167
0, 5.25, 3.30653, -0.871594, 8.889
0, 5.5, 3.38485, -1.07579, 8.73391
0, 5.75, 3.3473, -1.24538, 8.82701
0, 6, 3.4154, -1.45593, 8.69357
0, 6.25, 3.46697, -1.66592, 8.60579
0, 6.5, 3.42748, -1.83282, 8.69916
0, 6.75, 3.48006, -2.04965, 8.61159
0, 7, 3.50942, -2.25725, 8.5717
0, 7.25, 3.63772, -2.53705, 8.35576
0, 7.5, 3.67151, -2.75972, 8.31678
0, 7.75, 3.76447, -3.03373, 8.19191
0, 8, 4.02637, -3.46314, 7.87364
0.25, 0, 3.58923, 3.32143, 8.14746
0.25, 0.25, 3.47399, 3.0156, 8.31663
0.25, 0.5, 3.4164, 2.76972, 8.3989
0.25, 0.75, 3.31881, 2.5003, 8.56992
0.25, 1, 3.28951, 2.28962, 8.61107
0.25, 1.25, 3.25963, 2.08192, 8.6528
0.25, 1.5, 3.21105, 1.86678, 8.73915
0.25, 1.75, 3.17594, 1.66427, 8.8004
0.25, 2, 3.19987, 1.49333, 8.7327
0.25, 2.25, 3.15304, 1.29068, 8.82204
0.25, 2.5, 3.0824, 1.08503, 8.97819
0.25, 2.75, 3.12473, 0.920763, 8.86449
0.25, 3, 4.07382, 0.966847, 7.39493
0.25, 3.25, 3.95601, 0.712056, 7.4816
0.25, 3.5, 3.95394, 0.484973, 7.48062
0.25, 3.75, 3.88205, 0.253565, 7.54892
0.25, 4, 3.81994, 0.0304799, 7.62532
0.25, 4.25, 3.88164, -0.191594, 7.54828
0.25, 4.5, 3.88368, -0.414377, 7.54849
0.25, 4.75, 3.91887, -0.642832, 7.51356
0.25, 5, 4.03371, -0.892956, 7.42004
0.25, 5.25, 3.11471, -0.868105, 8.88375
0.25, 5.5, 3.10862, -1.04465, 8.91177
0.25, 5.75, 3.15177, -1.23987, 8.82136
0.25, 6, 3.15712, -1.423, 8.82422
0.25, 6.25, 3.18275, -1.61704, 8.78075
0.25, 6.5, 3.23121, -1.82694, 8.69295
0.25, 6.75, 3.25759, -2.02863, 8.65131
0.25, 7, 3.30787, -2.24961, 8.56548
0.25, 7.25, 3.33894, -2.46219, 8.52491
0.25, 7.5, 3.36801, -2.67674, 8.4854
0.25, 7.75, 3.47011, -2.95685, 8.31578
0.25, 8, 3.53204, -3.21215, 8.233
0.5, 0, 3.27393, 3.21394, 8.31643
0.5, 0.25, 3.17708, 2.92562, 8.48547
0.5, 0.5, 3.14644, 2.70602, 8.52515
0.5, 0.75, 3.1187, 2.49246, 8.56504
0.5, 1, 3.00181, 2.21646, 8.80579
0.5, 1.25, 2.95777, 2.00403, 8.89363
0.5, 1.5, 3.01736, 1.86088, 8.73318
0.5, 1.75, 2.96264, 1.64692, 8.84148
0.5, 2, 2.92192, 1.44656, 8.9303
0.5, 2.25, 3.84021, 1.66759, 7.39435
0.5, 2.5, 3.66195, 1.36744, 7.54882
0.5, 2.75, 3.59573, 1.124, 7.62463
0.5, 3, 3.53558, 0.890145, 7.70119
0.5, 3.25, 3.53189, 0.674386, 7.70037
0.5, 3.5, 3.55575, 0.46266, 7.65969
0.5, 3.75, 3.49983, 0.242504, 7.73857
0.5, 4, 3.47216, 0.0293901, 7.77858
0.5, 4.25, 3.49931, -0.183228, 7.73868
0.5, 4.5, 3.55496, -0.402376, 7.65964
0.5, 4.75, 3.52984, -0.614237, 7.7006
0.5, 5, 3.53327, -0.829748, 7.70187
0.5, 5.25, 3.56587, -1.0543, 7.6639
0.5, 5.5, 3.66013, -1.3048, 7.54759
0.5, 5.75, 3.76554, -1.57142, 7.4506
0.5, 6, 2.92788, -1.39994, 8.91079
0.5, 6.25, 2.98872, -1.61082, 8.77531
0.5, 6.5, 2.93116, -1.75809, 8.93626
0.5, 6.75, 2.97419, -1.96481, 8.84734
0.5, 7, 3.02835, -2.18478, 8.7402
0.5, 7.25, 3.05521, -2.39, 8.69842
0.5, 7.5, 3.08397, -2.60009, 8.65754
0.5, 7.75, 3.19593, -2.88887, 8.43991
0.5, 8, 3.20486, -3.09188, 8.4451
0.75, 0, 2.98262, 3.1176, 8.48561
0.75, 0.25, 2.95421, 2.89657, 8.52489
0.75, 0.5, 2.87124, 2.62927, 8.69877
0.75, 0.75, 2.84418, 2.42028, 8.74018
0.75, 1, 2.80229, 2.20314, 8.82674
0.75, 1.25, 2.76948, 1.99799, 8.88863
0.75, 1.5, 2.82204, 1.85313, 8.72876
0.75, 1.75, 3.6415, 2.1554, 7.36319
0.75, 2, 3.43643, 1.81146, 7.54828
0.75, 2.25, 3.37457, 1.5603, 7.62268
0.75, 2.5, 3.31515, 1.31812, 7.6995
0.75, 2.75, 3.30939, 1.10149, 7.6974
0.75, 3, 3.20376, 0.858842, 7.85727
0.75, 3.25, 3.24789, 0.660322, 7.7746
0.75, 3.5, 3.19698, 0.442919, 7.85443
0.75, 3.75, 3.17026, 0.233895, 7.89585
0.75, 4, 3.21766, 0.0289999, 7.8132
0.75, 4.25, 3.17102, -0.176792, 7.89471
0.75, 4.5, 3.17121, -0.382187, 7.89633
0.75, 4.75, 3.24857, -0.601903, 7.77423
0.75, 5, 3.22725, -0.806968, 7.81595
0.75, 5.25, 3.28049, -1.03274, 7.73698
0.75, 5.5, 3.23574, -1.22822, 7.81966
0.75, 5.75, 3.3182, -1.47442, 7.70143
0.75, 6, 3.43431, -1.74844, 7.54793
0.75, 6.25, 3.53606, -2.02925, 7.45053
0.75, 6.5, 2.82168, -1.80203, 8.72772
0.75, 6.75, 2.79209, -1.96397, 8.82262
0.75, 7, 2.81799, -2.16469, 8.78004
0.75, 7.25, 2.8431, -2.36811, 8.73795
0.75, 7.5, 2.88713, -2.59177, 8.65215
0.75, 7.75, 2.9145, -2.8051, 8.61224
0.75, 8, 3.00034, -3.08203, 8.44034
1, 0, 2.76329, 3.08836, 8.52498
1, 0.25, 2.6852, 2.81513, 8.6986
1, 0.5, 2.66031, 2.60482, 8.73929
1, 0.75, 2.63583, 2.39832, 8.77986
1, 1, 2.6123, 2.196, 8.82195
1, 1.25, 2.65476, 2.04785, 8.68196
1, 1.5, 3.24284, 2.27693, 7.51337
1, 1.75, 3.13112, 1.98165, 7.663
1, 2, 3.12447, 1.76107, 7.65965
1, 2.25, 2.997, 1.48168, 7.85855
1, 2.5, 3.03704, 1.29116, 7.77457
1, 2.75, 2.98573, 1.06258, 7.85292
1, 3, 2.93681, 0.841801, 7.9341
1, 3.25, 2.95339, 0.64203, 7.89138
1, 3.5, 2.97399, 0.440559, 7.84941
1, 3.75, 2.90503, 0.229169, 7.97275
1, 4, 3.00373, 0.0289465, 7.79192
1, 4.25, 3.00531, -0.179156, 7.79158
1, 4.5, 2.98285, -0.38438, 7.83328
1, 4.75, 2.95228, -0.584886, 7.8912
1, 5, 2.93415, -0.784486, 7.93361
1, 5.25, 3.00577, -1.01178, 7.81213
1, 5.5, 2.98996, -1.21352, 7.85435
1, 5.75, 2.99645, -1.42366, 7.85718
1, 6, 3.04973, -1.66016, 7.77865
1, 6.25, 3.10425, -1.90481, 7.70169
1, 6.5, 3.21457, -2.19512, 7.54894
1, 6.75, 2.58327, -1.94292, 8.88087
1, 7, 2.62534, -2.15637, 8.77591
1, 7.25, 2.6495, -2.35968, 8.73417
1, 7.5, 2.67526, -2.56789, 8.69259
1, 7.75, 2.7001, -2.77872, 8.65184
1, 8, 2.74397, -3.01388, 8.56772
1.25, 0, 2.49906, 3.00086, 8.6992
1.25, 0.25, 2.47634, 2.78933, 8.73928
1.25, 0.5, 2.45217, 2.57966, 8.78033
1.25, 0.75, 2.42321, 2.3689, 8.84135
1.25, 1, 2.46817, 2.22921, 8.68137
1.25, 1.25, 2.99132, 2.47915, 7.54825
1.25, 1.5, 2.86515, 2.16141, 7.74088
1.25, 1.75, 2.8579, 1.94331, 7.73726
1.25, 2, 2.82662, 1.71173, 7.77489
1.25, 2.25, 2.83063, 1.50355, 7.7554
1.25, 2.5, 2.75008, 1.25615, 7.89143
1.25, 2.75, 2.79497, 1.0687, 7.79166
1.25, 3, 2.83325, 0.872541, 7.70928
1.25, 3.25, 2.85259, 0.666256, 7.66787
1.25, 3.5, 2.88156, 0.458626, 7.61255
1.25, 3.75, 2.9027, 0.246022, 7.57268
1.25, 4, 2.90323, 0.0300596, 7.57251
1.25, 4.25, 2.90369, -0.185978, 7.57267
1.25, 4.5, 2.90392, -0.402052, 7.57325
1.25, 4.75, 2.87405, -0.611753, 7.62745
1.25, 5, 2.81124, -0.807546, 7.74901
1.25, 5.25, 2.72081, -0.984006, 7.93024
1.25, 5.5, 2.77831, -1.21151, 7.83359
1.25, 5.75, 2.71279, -1.38478, 7.9761
1.25, 6, 2.76196, -1.61538, 7.89581
1.25, 6.25, 2.79022, -1.8395, 7.85742
1.25, 6.5, 2.8855, -2.11701, 7.70045
1.25, 6.75, 2.91817, -2.3581, 7.66418
1.25, 7, 3.13955, -2.77058, 7.39537
1.25, 7.25, 2.44368, -2.3383, 8.77492
1.25, 7.5, 2.46663, -2.54379, 8.73369
1.25, 7.75, 2.48911, -2.75217, 8.69296
1.25, 8, 2.49678, -2.94642, 8.69787
1.5, 0, 2.27794, 2.95521, 8.78578
1.5, 0.25, 2.27077, 2.76338, 8.78135
1.5, 0.5, 2.24899, 2.55609, 8.82201
1.5, 0.75, 2.2856, 2.41398, 8.68121
1.5, 1, 2.74507, 2.6786, 7.58656
1.5, 1.25, 2.67088, 2.39151, 7.70022
1.5, 1.5, 2.58212, 2.10448, 7.85707
1.5, 1.75, 2.59332, 1.90515, 7.81278
1.5, 2, 2.56603, 1.67883, 7.85079
1.5, 2.25, 2.58759, 1.48494, 7.79136
1.5, 2.5, 2.64018, 1.30289, 7.66826
1.5, 2.75, 2.68675, 1.1099, 7.57294
1.5, 3, 2.72454, 0.906508, 7.49356
1.5, 3.25, 2.76541, 0.697811, 7.4152
1.5, 3.5, 4.99422, 0.85877, 6.72483
1.5, 3.75, 5.04641, 0.462097, 6.72483
1.5, 4, 2.81705, 0.0315119, 7.32498
1.5, 4.25, 2.71884, -0.188136, 7.48782
1.5, 4.5, 5.01176, -0.749661, 6.72483
1.5, 4.75, 2.76563, -0.635993, 7.41498
1.5, 5, 2.76867, -0.859247, 7.41634
1.5, 5.25, 2.72861, -1.06615, 7.49455
1.5, 5.5, 2.59737, -1.22366, 7.74768
1.5, 5.75, 2.60516, -1.43674, 7.75034
1.5, 6, 2.47829, -1.56598, 8.05447
1.5, 6.25, 2.59001, -1.84477, 7.81234
1.5, 6.5, 2.59847, -2.05967, 7.81578
1.5, 6.75, 2.5884, -2.25975, 7.86027
1.5, 7, 2.72167, -2.59488, 7.62419
1.5, 7.25, 2.87799, -2.97525, 7.42053
1.5, 7.5, 2.26103, -2.5192, 8.77505
1.5, 7.75, 2.28292, -2.7271, 8.73405
1.5, 8, 2.29134, -2.92133, 8.73893
1.75, 0, 2.07133, 2.92206, 8.84717
1.75, 0.25, 2.05767, 2.72293, 8.86855
1.75, 0.5, 2.05694, 2.54217, 8.83729
1.75, 0.75, 2.52592, 2.90098, 7.58669
1.75, 1, 2.45594, 2.60595, 7.70007
1.75, 1.25, 2.39094, 2.32798, 7.81682
1.75, 1.5, 2.36495, 2.09596, 7.85267
1.75, 1.75, 2.36523, 1.88947, 7.83326
1.75, 2, 2.41128, 1.71548, 7.70911
1.75, 2.25, 2.47068, 1.54178, 7.57262
1.75, 2.5, 2.52429, 1.35459, 7.4542
1.75, 2.75, 4.62254, 2.0765, 6.72483
1.75, 3, 2.60966, 0.944179, 7.28659
1.75, 3.25, 2.62707, 0.720849, 7.24849
1.75, 3.5, 2.70565, 0.50591, 7.12792
1.75, 3.75, 2.95812, 0.29455, 6.88351
1.75, 4, 2.9208, 0.0355283, 6.903
1.75, 4.25, 2.9564, -0.222456, 6.88622
1.75, 4.5, 2.70443, -0.439889, 7.12723
1.75, 4.75, 2.58474, -0.646351, 7.32017
1.75, 5, 2.62962, -0.887428, 7.24951
1.75, 5.25, 2.51657, -1.06925, 7.45106
1.75, 5.5, 2.54349, -1.30301, 7.41596
1.75, 5.75, 2.48861, -1.49243, 7.53303
1.75, 6, 2.4279, -1.66824, 7.66842
1.75, 6.25, 2.38029, -1.84359, 7.79257
1.75, 6.5, 2.31045, -1.99145, 7.97619
1.75, 6.75, 2.38946, -2.26841, 7.81513
1.75, 7, 2.43525, -2.52475, 7.73814
1.75, 7.25, 2.50307, -2.81386, 7.62443
1.75, 7.5, 2.69876, -3.26974, 7.36233
1.75, 7.75, 2.06757, -2.68573, 8.82141
1.75, 8, 2.08768, -2.89434, 8.78068
2, 0, 1.86274, 2.8795, 8.93588
2, 0.25, 1.90854, 2.7675, 8.72817
2, 0.5, 2.36492, 3.20275, 7.48092
2, 0.75, 2.2426, 2.8223, 7.70123
2, 1, 2.16665, 2.51918, 7.85742
2, 1.25, 2.17474, 2.32029, 7.81226
2, 1.5, 2.09197, 2.03161, 8.012
2, 1.75, 2.21677, 1.94049, 7.66827
2, 2, 2.26968, 1.7694, 7.53241
2, 2.25, 2.36838, 1.6195, 7.32562
2, 2.5, 2.40027, 1.41141, 7.24984
2, 2.75, 2.46899, 1.21533, 7.12741
2, 3, 2.56691, 1.01767, 6.97756
2, 3.25, 2.48784, 0.748029, 7.07817
2, 3.5, 2.59128, 0.530933, 6.93205
2, 3.75, 2.5349, 0.276585, 7.00545
2, 4, 2.54546, 0.0339284, 6.99422
2, 4.25, 2.53832, -0.209292, 6.99766
2, 4.5, 2.52146, -0.449411, 7.0366
2, 4.75, 2.48659, -0.681367, 7.07823
2, 5, 2.44448, -0.903963, 7.15831
2, 5.25, 2.73192, -1.27193, 6.86726
2, 5.5, 2.35782, -1.32359, 7.32208
2, 5.75, 4.23495, -2.78297, 6.72483
2, 6, 2.28582, -1.72105, 7.49293
2, 6.25, 2.23194, -1.89427, 7.62772
2, 6.5, 2.17163, -2.05108, 7.79094
2, 6.75, 2.12366, -2.20918, 7.9338
2, 7, 2.19745, -2.49642, 7.77433
2, 7.25, 2.25868, -2.78232, 7.65905
2, 7.5, 2.30347, -3.05813, 7.58642
2, 7.75, 1.91859, -2.73092, 8.68154
2, 8, 1.87148, -2.84312, 8.88895
2.25, 0, 1.70567, 2.91598, 8.82106
2.25, 0.25, 2.18318, 3.50107, 7.41952
2.25, 0.5, 2.06258, 3.08919, 7.62367
2.25, 0.75, 2.00648, 2.79262, 7.73692
2.25, 1, 1.95257, 2.51075, 7.85378
2.25, 1.25, 1.95139, 2.30254, 7.83294
2.25, 1.5, 2.0033, 2.15158, 7.6687
2.25, 1.75, 2.06792, 2.00194, 7.49384
2.25, 2, 2.10283, 1.81298, 7.39943
2.25, 2.25, 2.16731, 1.639, 7.24785
2.25, 2.5, 2.32192, 1.50996, 6.97787
2.25, 2.75, 2.31139, 1.25827, 6.97571
2.25, 3, 2.40448, 1.05425, 6.85676
2.25, 3.25, 2.41021, 0.801454, 6.8464
2.25, 3.5, 2.42085, 0.548555, 6.81984
2.25, 3.75, 2.46815, 0.297828, 6.783
2.25, 4, 2.46889, 0.0363937, 6.78309
2.25, 4.25, 2.46632, -0.224895, 6.79338
2.25, 4.5, 2.53935, -0.500543, 6.75526
2.25, 4.75, 2.3879, -0.723634, 6.85446
2.25, 5, 2.33492, -0.954914, 6.92911
2.25, 5.25, 2.27753, -1.1727, 7.03825
2.25, 5.5, 2.24357, -1.39287, 7.09013
2.25, 5.75, 2.14522, -1.55905, 7.28454
2.25, 6, 2.15407, -1.79365, 7.28727
2.25, 6.25, 2.08257, -1.95472, 7.45446
2.25, 6.5, 2.03299, -2.12353, 7.58805
2.25, 6.75, 1.96388, -2.25937, 7.79117
2.25, 7, 1.90684, -2.39574, 7.97668
2.25, 7.25, 1.97267, -2.6874, 7.81682
2.25, 7.5, 2.02763, -2.97707, 7.7006
2.25, 7.75, 2.11909, -3.33581, 7.51302
2.25, 8, 1.72603, -2.8999, 8.72808
2.5, 0, 1.50779, 2.8831, 8.88393
2.5, 0.25, 1.87737, 3.36735, 7.54747
2.5, 0.5, 1.79618, 3.00893, 7.73904
2.5, 0.75, 1.74783, 2.72084, 7.8546
2.5, 1, 1.72715, 2.48402, 7.89145
2.5, 1.25, 1.77925, 2.34815, 7.70879
2.5, 1.5, 1.84933, 2.22154, 7.49361
2.5, 1.75, 1.91126, 2.06949, 7.32498
2.5, 2, 1.97829, 1.90769, 7.16372
2.5, 2.25, 2.03244, 1.7191, 7.04452
2.5, 2.5, 2.05922, 1.49778, 6.99413
2.5, 2.75, 2.13241, 1.29838, 6.85933
2.5, 3, 2.22716, 1.0922, 6.76799
2.5, 3.25, 2.2951, 0.853594, 6.72686
2.5, 3.5, 2.36273, 0.598818, 6.6968
2.5, 3.75, 2.41043, 0.325324, 6.68265
2.5, 4, 2.43039, 0.0400708, 6.6775
2.5, 4.25, 2.42009, -0.246826, 6.68277
2.5, 4.5, 2.38129, -0.524998, 6.68894
2.5, 4.75, 2.31494, -0.78464, 6.71566
2.5, 5, 2.24698, -1.02782, 6.75366
2.5, 5.25, 2.16816, -1.24865, 6.8209
2.5, 5.5, 2.10834, -1.46399, 6.89732
2.5, 5.75, 2.01194, -1.63542, 7.07751
2.5, 6, 2.23571, -2.0822, 6.84953
2.5, 6.25, 1.92626, -2.02221, 7.287
2.5, 6.5, 1.86303, -2.17656, 7.45367
2.5, 6.75, 1.82567, -2.34921, 7.57421
2.5, 7, 1.74339, -2.44989, 7.83321
2.5, 7.25, 1.74588, -2.66024, 7.85375
2.5, 7.5, 1.79449, -2.94692, 7.73709
2.5, 7.75, 1.83029, -3.22255, 7.66352
2.5, 8, 1.99102, -3.74145, 7.36626
2.75, 0, 1.70352, 3.69514, 7.45091
2.75, 0.25, 1.59886, 3.25325, 7.70181
2.75, 0.5, 1.56693, 2.97767, 7.77586
2.75, 0.75, 1.5026, 2.65347, 7.97613
2.75, 1, 1.57005, 2.56156, 7.71023
2.75, 1.25, 1.61908, 2.42395, 7.53386
2.75, 1.5, 2.99806, 4.08551, 6.72483
2.75, 1.75, 1.74545, 2.14396, 7.16358
2.75, 2, 1.80834, 1.97817, 7.01078
2.75, 2.25, 1.89512, 1.81839, 6.85927
2.75, 2.5, 1.914, 1.57926, 6.81679
2.75, 2.75, 2.01784, 1.39375, 6.72712
2.75, 3, 2.12578, 1.18259, 6.6826
2.75, 3.25, 2.23775, 0.944122, 6.67211
2.75, 3.5, 3.25508, 0.935855, 6.68868
2.75, 3.75, 3.34793, 0.512583, 6.68868
2.75, 4, 3.38635, 0.0633359, 6.68868
2.75, 4.25, 3.3645, -0.389266, 6.68868
2.75, 4.5, 3.28574, -0.821761, 6.68868
2.75, 4.75, 2.26696, -0.871648, 6.67211
2.75, 5, 2.15727, -1.11941, 6.6775
2.75, 5.25, 2.04653, -1.337, 6.71551
2.75, 5.5, 1.94312, -1.5306, 6.78515
2.75, 5.75, 1.85735, -1.71268, 6.89648
2.75, 6, 1.77286, -1.87304, 7.07785
2.75, 6.25, 1.7429, -2.07563, 7.16303
2.75, 6.5, 1.67003, -2.21331, 7.36147
2.75, 6.75, 1.62996, -2.37927, 7.49349
2.75, 7, 1.56778, -2.49922, 7.70891
2.75, 7.25, 1.5339, -2.65137, 7.8507
2.75, 7.5, 1.56503, -2.91552, 7.77493
2.75, 7.75, 1.60955, -3.21478, 7.66051
2.75, 8, 1.65638, -3.53094, 7.54871
3, 0, 1.42169, 3.56265, 7.5863
3, 0.25, 1.36014, 3.19722, 7.77821
3, 0.5, 1.3227, 2.90383, 7.8962
3, 0.75, 1.28729, 2.62621, 8.0159
3, 1, 1.37712, 2.59567, 7.62815
3, 1.25, 1.43268, 2.47792, 7.41553
3, 1.5, 1.47971, 2.32952, 7.24949
3, 1.75, 1.56762, 2.2245, 7.01122
3, 2, 1.59453, 2.01512, 6.93091
3, 2.25, 1.73193, 1.91984, 6.75841
3, 2.5, 1.76949, 1.68673, 6.71567
3, 2.75, 1.89824, 1.51471, 6.67227
3, 3, 2.84924, 1.83117, 6.68868
3, 3.25, 2.18323, 1.06414, 6.67211
3, 3.5, 0, 0, -1
3, 3.75, 0, 0, -1
3, 4, 0, 0, -1
3, 4.25, 0, 0, -1
3, 4.5, 0, 0, -1
3, 4.75, 0, 0, -1
3, 5, 2.90495, -1.74144, 6.68868
3, 5.25, 1.93859, -1.46313, 6.67211
3, 5.5, 1.80284, -1.64061, 6.69637
3, 5.75, 1.69985, -1.81082, 6.77088
3, 6, 1.59763, -1.95, 6.92611
3, 6.25, 1.54989, -2.13237, 7.04374
3, 6.5, 1.45671, -2.23036, 7.31907
3, 6.75, 2.58472, -4.35878, 6.72483
3, 7, 1.39088, -2.56149, 7.5728
3, 7.25, 1.33931, -2.67447, 7.79202
3, 7.5, 1.33092, -2.86436, 7.85363
3, 7.75, 1.36909, -3.15908, 7.73694
3, 8, 1.37492, -3.38603, 7.74325
3.25, 0, 1.17956, 3.49921, 7.66284
3.25, 0.25, 1.12899, 3.14166, 7.85785
3.25, 0.5, 1.09903, 2.8563, 7.97643
3.25, 0.75, 1.13891, 2.7506, 7.75033
3.25, 1, 1.18364, 2.64105, 7.53236
3.25, 1.25, 1.23159, 2.52166, 7.32535
3.25, 1.5, 1.42334, 2.65265, 6.86932
3.25, 1.75, 1.35015, 2.26808, 6.93124
3.25, 2, 1.38497, 2.072, 6.84654
3.25, 2.25, 1.49091, 1.95644, 6.71559
3.25, 2.5, 1.61083, 1.81772, 6.67211
3.25, 2.75, 2.46212, 2.32579, 6.68868
3.25, 3, 0, 0, -1
3.25, 3.25, 0, 0, -1
3.25, 3.5, 0, 0, -1
3.25, 3.75, 0, 0, -1
3.25, 4, 0, 0, -1
3.25, 4.25, 0, 0, -1
3.25, 4.5, 0, 0, -1
3.25, 4.75, 0, 0, -1
3.25, 5, 0, 0, -1
3.25, 5.25, 2.52568, -2.25662, 6.68868
3.25, 5.5, 1.6521, -1.77977, 6.67192
3.25, 5.75, 1.51984, -1.91666, 6.69953
3.25, 6, 1.40831, -2.03487, 6.79913
3.25, 6.25, 1.32903, -2.16461, 6.97355
3.25, 6.5, 1.3382, -2.42551, 6.97769
3.25, 6.75, 1.2093, -2.41417, 7.39841
3.25, 7, 1.20145, -2.61933, 7.45397
3.25, 7.25, 1.14609, -2.70931, 7.70877
3.25, 7.5, 1.12189, -2.8583, 7.85084
3.25, 7.75, 1.13607, -3.10326, 7.81555
3.25, 8, 1.16847, -3.40653, 7.70057
3.5, 0, 0.953587, 3.46593, 7.70094
3.5, 0.25, 0.926956, 3.16038, 7.81526
3.5, 0.5, 0.908374, 2.89245, 7.89213
3.5, 0.75, 0.942415, 2.78861, 7.66821
3.5, 1, 0.979917, 2.6789, 7.45385
3.5, 1.25, 1.01999, 2.55875, 7.24912
3.5, 1.5, 1.06955, 2.44219, 7.04489
3.5, 1.75, 1.10826, 2.281, 6.89712
3.5, 2, 1.18184, 2.16629, 6.75863
3.5, 2.25, 1.28363, 2.06378, 6.6775
3.5, 2.5, 1.98495, 2.74433, 6.68868
3.5, 2.75, 0, 0, -1
3.5, 3, 0, 0, -1
3.5, 3.25, 0, 0, -1
3.5, 3.5, 0, 0, -1
3.5, 3.75, 0, 0, -1
3.5, 4, 0, 0, -1
3.5, 4.25, 0, 0, -1
3.5, 4.5, 0, 0, -1
3.5, 4.75, 0, 0, -1
3.5, 5, 0, 0, -1
3.5, 5.25, 0, 0, -1
3.5, 5.5, 2.04534, -2.69962, 6.68868
3.5, 5.75, 1.31964, -2.03898, 6.67211
3.5, 6, 1.20434, -2.13205, 6.72686
3.5, 6.25, 1.11937, -2.23371, 6.86181
3.5, 6.5, 1.05776, -2.34897, 7.07791
3.5, 6.75, 1.04087, -2.54587, 7.16369
3.5, 7, 0.99887, -2.6681, 7.36349
3.5, 7.25, 0.948707, -2.74776, 7.62682
3.5, 7.5, 0.917396, -2.86368, 7.8336
3.5, 7.75, 0.912164, -3.05277, 7.89494
3.5, 8, 0.94518, -3.37613, 7.73861
3.75, 0, 0.732439, 3.43592, 7.73889
3.75, 0.25, 0.706511, 3.10894, 7.89562
3.75, 0.5, 0.710869, 2.92149, 7.8328
3.75, 0.75, 0.74375, 2.84044, 7.57321
3.75, 1, 1.38178, 4.87549, 6.72483
3.75, 1.25, 0.79922, 2.58767, 7.19912
3.75, 1.5, 0.826695, 2.43634, 7.04227
3.75, 1.75, 0.877835, 2.3319, 6.8449
3.75, 2, 0.950914, 2.24963, 6.71031
3.75, 2.25, 1.47036, 3.05113, 6.68868
3.75, 2.5, 0, 0, -1
3.75, 2.75, 0, 0, -1
3.75, 3, 0, 0, -1
3.75, 3.25, 0, 0, -1
3.75, 3.5, 0, 0, -1
3.75, 3.75, 0, 0, -1
3.75, 4, 0, 0, -1
3.75, 4.25, 0, 0, -1
3.75, 4.5, 0, 0, -1
3.75, 4.75, 0, 0, -1
3.75, 5, 0, 0, -1
3.75, 5.25, 0, 0, -1
3.75, 5.5, 0, 0, -1
3.75, 5.75, 1.51821, -3.02761, 6.68868
3.75, 6, 0.976239, -2.23057, 6.68884
3.75, 6.25, 0.899387, -2.31639, 6.78412
3.75, 6.5, 0.838829, -2.40424, 6.99429
3.75, 6.75, 0.867566, -2.73878, 6.92577
3.75, 7, 0.772299, -2.66251, 7.36183
3.75, 7.25, 0.748626, -2.7985, 7.53279
3.75, 7.5, 0.726482, -2.92688, 7.7105
3.75, 7.75, 0.711114, -3.07167, 7.85305
3.75, 8, 0.731106, -3.37053, 7.73732
4, 0, 0.515082, 3.40641, 7.77788
4, 0.25, 0.504631, 3.13051, 7.85298
4, 0.5, 0.507368, 2.93958, 7.79142
4, 0.75, 0.535315, 2.88215, 7.49508
4, 1, 0.552677, 2.74915, 7.32464
4, 1.25, 0.62256, 2.84166, 6.90432
4, 1.5, 0.595897, 2.47578, 6.99333
4, 1.75, 0.637089, 2.38586, 6.78391
4, 2, 0.698642, 2.33009, 6.6826
4, 2.25, 1.09553, 3.20487, 6.68868
4, 2.5, 0, 0, -1
4, 2.75, 0, 0, -1
4, 3, 0, 0, -1
4, 3.25, 0, 0, -1
4, 3.5, 0, 0, -1
4, 3.75, 0, 0, -1
4, 4, 0, 0, -1
4, 4.25, 0, 0, -1
4, 4.5, 0, 0, -1
4, 4.75, 0, 0, -1
4, 5, 0, 0, -1
4, 5.25, 0, 0, -1
4, 5.5, 0, 0, -1
4, 5.75, 1.13703, -3.1966, 6.68871
4, 6, 0.720123, -2.31961, 6.67227
4, 6.25, 0.656442, -2.38347, 6.7397
4, 6.5, 0.605625, -2.44713, 6.92627
4, 6.75, 0.571342, -2.54272, 7.15792
4, 7, 0.561294, -2.728, 7.24931
4, 7.25, 0.534363, -2.81608, 7.49309
4, 7.5, 0.514427, -2.92181, 7.70931
4, 7.75, 0.496384, -3.02274, 7.93374
4, 8, 0.506526, -3.29206, 7.85703
4.25, 0, 0.306058, 3.42927, 7.73704
4.25, 0.25, 0.299936, 3.15245, 7.81188
4.25, 0.5, 0.301676, 2.96129, 7.74972
4.25, 0.75, 0.315785, 2.88056, 7.49325
4.25, 1, 0.328672, 2.76992, 7.28646
4.25, 1.25, 0.354078, 2.73822, 6.97803
4.25, 1.5, 0.359713, 2.53207, 6.89708
4.25, 1.75, 0.383253, 2.43169, 6.75267
4.25, 2, 0.423375, 2.39233, 6.67416
4.25, 2.25, 0.480349, 2.38079, 6.67211
4.25, 2.5, 0, 0, -1
4.25, 2.75, 0, 0, -1
4.25, 3, 0, 0, -1
4.25, 3.25, 0, 0, -1
4.25, 3.5, 0, 0, -1
4.25, 3.75, 0, 0, -1
4.25, 4, 0, 0, -1
4.25, 4.25, 0, 0, -1
4.25, 4.5, 0, 0, -1
4.25, 4.75, 0, 0, -1
4.25, 5, 0, 0, -1
4.25, 5.25, 0, 0, -1
4.25, 5.5, 0, 0, -1
4.25, 5.75, 0, 0, -1
4.25, 6, 0.437752, -2.38899, 6.67211
4.25, 6.25, 0.394742, -2.42832, 6.71674
4.25, 6.5, 0.367893, -2.51856, 6.83633
4.25, 6.75, 0.346584, -2.6133, 7.0439
4.25, 7, 0.335121, -2.75952, 7.20062
4.25, 7.25, 0.317748, -2.83706, 7.45386
4.25, 7.5, 0.30595, -2.94413, 7.66857
4.25, 7.75, 0.292755, -3.0204, 7.93312
4.25, 8, 0.300944, -3.31381, 7.81668
4.5, 0, 0.0935832, 3.42951, 7.73618
4.5, 0.25, 0.0889659, 3.05829, 7.97635
4.5, 0.5, 0.0922078, 2.96036, 7.74985
4.5, 0.75, 0.0964712, 2.87818, 7.49327
4.5, 1, 0.101283, 2.79177, 7.25044
4.5, 1.25, 0.106166, 2.68528, 7.04449
4.5, 1.5, 0.109903, 2.53026, 6.89663
4.5, 1.75, 0.118254, 2.454, 6.73934
4.5, 2, 0.1312, 2.42474, 6.67168
4.5, 2.25, 0.149541, 2.42415, 6.67211
4.5, 2.5, 0, 0, -1
4.5, 2.75, 0, 0, -1
4.5, 3, 0, 0, -1
4.5, 3.25, 0, 0, -1
4.5, 3.5, 0, 0, -1
4.5, 3.75, 0, 0, -1
4.5, 4, 0, 0, -1
4.5, 4.25, 0, 0, -1
4.5, 4.5, 0, 0, -1
4.5, 4.75, 0, 0, -1
4.5, 5, 0, 0, -1
4.5, 5.25, 0, 0, -1
4.5, 5.5, 0, 0, -1
4.5, 5.75, 0.155554, -2.42332, 6.67173
4.5, 6, 0.189455, -3.38164, 6.68868
4.5, 6.25, 0.121873, -2.45208, 6.70614
4.5, 6.5, 0.111311, -2.49233, 6.85401
4.5, 6.75, 0.104974, -2.58879, 7.07807
4.5, 7, 0.102408, -2.75804, 7.20012
4.5, 7.25, 0.0979687, -2.86094, 7.41553
4.5, 7.5, 0.0934819, -2.94218, 7.66852
4.5, 7.75, 0.0907963, -3.06383, 7.85128
4.5, 8, 0.0919788, -3.31258, 7.8158
