4.5, 0, -2.58026, 3.8226, 5.19636
4.5, 0.25, -2.57406, 3.57508, 5.14129
4.5, 0.5, -2.5992, 3.36933, 5.08678
4.5, 0.75, -2.62673, 3.16181, 5.03326
4.5, 1, -2.72693, 3.02992, 4.8777
4.5, 1.25, -2.67142, 2.72089, 4.92572
4.5, 1.5, -2.691, 2.49167, 4.92369
4.5, 1.75, -2.69948, 2.24957, 4.87026
4.5, 2, -2.77939, 2.05881, 4.81823
4.5, 2.25, -2.71929, 1.76251, 4.86676
4.5, 2.5, -2.74672, 1.52596, 4.82865
4.5, 2.75, -2.79319, 1.29314, 4.81347
4.5, 3, -2.78425, 1.0312, 4.81254
4.5, 3.25, -2.76772, 0.768812, 4.81111
4.5, 3.5, -2.21009, 0.409276, 6.17204
4.5, 3.75, -2.23527, 0.20697, 6.16427
4.5, 4, -2.23033, 2.73137e-16, 6.12444
4.5, 4.25, -2.23527, -0.20697, 6.16427
4.5, 4.5, -2.21009, -0.409276, 6.17204
4.5, 4.75, -2.76772, -0.768812, 4.81111
4.5, 5, -2.78425, -1.0312, 4.81254
4.5, 5.25, -2.79319, -1.29314, 4.81347
4.5, 5.5, -2.74672, -1.52596, 4.82865
4.5, 5.75, -2.71929, -1.76251, 4.86676
4.5, 6, -2.77939, -2.05881, 4.81823
4.5, 6.25, -2.69948, -2.24957, 4.87026
4.5, 6.5, -2.691, -2.49167, 4.92369
4.5, 6.75, -2.67142, -2.72089, 4.92572
4.5, 7, -2.72693, -3.02992, 4.8777
4.5, 7.25, -2.62673, -3.16181, 5.03326
4.5, 7.5, -2.5992, -3.36933, 5.08678
4.5, 7.75, -2.57406, -3.57508, 5.14129
4.5, 8, -2.58026, -3.8226, 5.19636
4.75, 0, -2.78746, 3.77961, 5.35366
4.75, 0.25, -2.80488, 3.56553, 5.19484
4.75, 0.5, -2.82628, 3.35321, 5.19261
4.75, 0.75, -2.86144, 3.15243, 5.13879
4.75, 1, -2.9094, 2.95871, 5.08527
4.75, 1.25, -2.882, 2.68661, 5.08221
4.75, 1.5, -2.94511, 2.49586, 4.97808
4.75, 1.75, -2.9548, 2.25366, 4.97619
4.75, 2, -2.9257, 1.98352, 4.9735
4.75, 2.25, -3.0208, 1.792, 4.92185
4.75, 2.5, -2.99876, 1.52479, 4.91967
4.75, 2.75, -3.01746, 1.27859, 4.91887
4.75, 3, -3.01098, 1.02067, 4.91747
4.75, 3.25, -3.06714, 0.779782, 4.88019
4.75, 3.5, -2.31218, 0.391895, 6.44265
4.75, 3.75, -2.33402, 0.197799, 6.43505
4.75, 4, -2.3415, 2.86751e-16, 6.43259
4.75, 4.25, -2.33402, -0.197799, 6.43505
4.75, 4.5, -2.31218, -0.391895, 6.44265
4.75, 4.75, -3.06714, -0.779782, 4.88019
4.75, 5, -3.01098, -1.02067, 4.91747
4.75, 5.25, -3.01746, -1.27859, 4.91887
4.75, 5.5, -2.99876, -1.52479, 4.91967
4.75, 5.75, -3.0208, -1.792, 4.92185
4.75, 6, -2.9257, -1.98352, 4.9735
4.75, 6.25, -2.9548, -2.25366, 4.97619
4.75, 6.5, -2.94511, -2.49586, 4.97808
4.75, 6.75, -2.882, -2.68661, 5.08221
4.75, 7, -2.9094, -2.95871, 5.08527
4.75, 7.25, -2.86144, -3.15243, 5.13879
4.75, 7.5, -2.82628, -3.35321, 5.19261
4.75, 7.75, -2.80488, -3.56553, 5.19484
4.75, 8, -2.78746, -3.77961, 5.35366
5, 0, -3.0022, 3.75275, 5.45969
5, 0.25, -3.0315, 3.55254, 5.35304
5, 0.5, -3.06771, 3.35531, 5.29893
5, 0.75, -3.07683, 3.1249, 5.19261
5, 1, -3.09224, 2.89898, 5.19023
5, 1.25, -3.12369, 2.68442, 5.13688
5, 1.5, -3.12896, 2.4445, 5.1345
5, 1.75, -3.10853, 2.18569, 5.132
5, 2, -3.14063, 1.9629, 5.08997
5, 2.25, -3.22512, 1.76374, 5.02815
5, 2.5, -3.223, 1.51078, 5.02665
5, 2.75, -3.21241, 1.25485, 5.02489
5, 3, -3.20352, 1.0011, 5.02326
5, 3.25, -3.29107, 0.771344, 4.97312
5, 3.5, -2.41272, 0.376988, 6.70869
5, 3.75, -2.43203, 0.190002, 6.70167
5, 4, -2.43883, 2.9867e-16, 6.69998
5, 4.25, -2.43203, -0.190002, 6.70167
5, 4.5, -2.41272, -0.376988, 6.70869
5, 4.75, -3.29107, -0.771344, 4.97312
5, 5, -3.20352, -1.0011, 5.02326
5, 5.25, -3.21241, -1.25485, 5.02489
5, 5.5, -3.223, -1.51078, 5.02665
5, 5.75, -3.22512, -1.76374, 5.02815
5, 6, -3.14063, -1.9629, 5.08997
5, 6.25, -3.10853, -2.18569, 5.132
5, 6.5, -3.12896, -2.4445, 5.1345
5, 6.75, -3.12369, -2.68442, 5.13688
5, 7, -3.09224, -2.89898, 5.19023
5, 7.25, -3.07683, -3.1249, 5.19261
5, 7.5, -3.06771, -3.35531, 5.29893
5, 7.75, -3.0315, -3.55254, 5.35304
5, 8, -3.0022, -3.75275, 5.45969
5.25, 0, -3.18781, 3.69601, 5.51323
5.25, 0.25, -3.21853, 3.4984, 5.4065
5.25, 0.5, -3.26507, 3.31239, 5.35259
5.25, 0.75, -3.2501, 3.06169, 5.34963
5.25, 1, -3.30066, 2.87014, 5.2962
5.25, 1.25, -3.33079, 2.65497, 5.24269
5.25, 1.5, -3.33678, 2.41795, 5.24037
5.25, 1.75, -3.39174, 2.21201, 5.19146
5.25, 2, -3.38286, 1.96108, 5.18899
5.25, 2.25, -3.36067, 1.70469, 5.18662
5.25, 2.5, -3.39844, 1.47758, 5.15303
5.25, 2.75, -3.3951, 1.23011, 5.15149
5.25, 3, -3.48833, 1.01111, 5.08885
5.25, 3.25, -3.43166, 0.746014, 5.12793
5.25, 3.5, -2.51157, 0.363996, 6.9719
5.25, 3.75, -2.52896, 0.183258, 6.96582
5.25, 4, -2.53464, 3.10404e-16, 6.9632
5.25, 4.25, -2.52896, -0.183258, 6.96582
5.25, 4.5, -2.51157, -0.363996, 6.9719
5.25, 4.75, -3.43166, -0.746014, 5.12793
5.25, 5, -3.48833, -1.01111, 5.08885
5.25, 5.25, -3.3951, -1.23011, 5.15149
5.25, 5.5, -3.39844, -1.47758, 5.15303
5.25, 5.75, -3.36067, -1.70469, 5.18662
5.25, 6, -3.38286, -1.96108, 5.18899
5.25, 6.25, -3.39174, -2.21201, 5.19146
5.25, 6.5, -3.33678, -2.41795, 5.24037
5.25, 6.75, -3.33079, -2.65497, 5.24269
5.25, 7, -3.30066, -2.87014, 5.2962
5.25, 7.25, -3.2501, -3.06169, 5.34963
5.25, 7.5, -3.26507, -3.31239, 5.35259
5.25, 7.75, -3.21853, -3.4984, 5.4065
5.25, 8, -3.18781, -3.69601, 5.51323
5.5, 0, -3.40436, 3.68039, 5.56803
5.5, 0.25, -3.37491, 3.42052, 5.66903
5.5, 0.5, -3.45698, 3.27012, 5.51105
5.5, 0.75, -3.50678, 3.08028, 5.4053
5.5, 1, -3.53927, 2.86968, 5.3511
5.5, 1.25, -3.54569, 2.63531, 5.34918
5.5, 1.5, -3.55779, 2.40391, 5.34677
5.5, 1.75, -3.59407, 2.18558, 5.29468
5.5, 2, -3.5481, 1.91789, 5.3427
5.5, 2.25, -3.56573, 1.68649, 5.29021
5.5, 2.5, -3.60756, 1.46252, 5.2887
5.5, 2.75, -3.69711, 1.24902, 5.19097
5.5, 3, -3.69537, 0.998748, 5.19289
5.5, 3.25, -3.6939, 0.748763, 5.18907
5.5, 3.5, -3.24422, 0.438408, 5.92471
5.5, 3.75, -3.24413, 0.219198, 5.92749
5.5, 4, -3.24359, 3.97225e-16, 5.92918
5.5, 4.25, -3.24413, -0.219198, 5.92749
5.5, 4.5, -3.24422, -0.438408, 5.92471
5.5, 4.75, -3.24377, -0.65752, 5.92588
5.5, 5, -3.69537, -0.998748, 5.19289
5.5, 5.25, -3.69711, -1.24902, 5.19097
5.5, 5.5, -3.60756, -1.46252, 5.2887
5.5, 5.75, -3.56573, -1.68649, 5.29021
5.5, 6, -3.5481, -1.91789, 5.3427
5.5, 6.25, -3.59407, -2.18558, 5.29468
5.5, 6.5, -3.55779, -2.40391, 5.34677
5.5, 6.75, -3.54569, -2.63531, 5.34918
5.5, 7, -3.53927, -2.86968, 5.3511
5.5, 7.25, -3.50678, -3.08028, 5.4053
5.5, 7.5, -3.45698, -3.27012, 5.51105
5.5, 7.75, -3.37491, -3.42052, 5.66903
5.5, 8, -3.40436, -3.68039, 5.56803
5.75, 0, -3.58804, 3.63346, 5.67472
5.75, 0.25, -3.63592, 3.45182, 5.56803
5.75, 0.5, -3.67365, 3.25513, 5.61826
5.75, 0.75, -3.64756, 3.00116, 5.56259
5.75, 1, -3.71367, 2.82051, 5.50924
5.75, 1.25, -3.73691, 2.60164, 5.45542
5.75, 1.5, -3.69593, 2.3392, 5.50469
5.75, 1.75, -3.73675, 2.12853, 5.45105
5.75, 2, -3.73744, 1.89237, 5.44925
5.75, 2.25, -3.79163, 1.67983, 5.39863
5.75, 2.5, -3.7851, 1.43738, 5.39693
5.75, 2.75, -3.7659, 1.19174, 5.39538
5.75, 3, -3.85673, 0.976388, 5.32531
5.75, 5, -3.85673, -0.976388, 5.32531
5.75, 5.25, -3.7659, -1.19174, 5.39538
5.75, 5.5, -3.7851, -1.43738, 5.39693
5.75, 5.75, -3.79163, -1.67983, 5.39863
5.75, 6, -3.73744, -1.89237, 5.44925
5.75, 6.25, -3.73675, -2.12853, 5.45105
5.75, 6.5, -3.69593, -2.3392, 5.50469
5.75, 6.75, -3.73691, -2.60164, 5.45542
5.75, 7, -3.71367, -2.82051, 5.50924
5.75, 7.25, -3.64756, -3.00116, 5.56259
5.75, 7.5, -3.67365, -3.25513, 5.61826
5.75, 7.75, -3.63592, -3.45182, 5.56803
5.75, 8, -3.58804, -3.63346, 5.67472
6, 0, -3.72693, 3.54946, 5.9384
6, 0.25, -3.7815, 3.37634, 5.83177
6, 0.5, -3.84721, 3.20601, 5.72515
6, 0.75, -3.82108, 2.95679, 5.72167
6, 1, -3.8924, 2.78028, 5.616
6, 1.25, -3.90297, 2.55551, 5.61423
6, 1.5, -3.90021, 2.32156, 5.61192
6, 1.75, -3.94082, 2.11115, 5.55826
6, 2, -3.96961, 1.89029, 5.51259
6, 2.25, -3.95914, 1.64964, 5.51033
6, 2.5, -3.95497, 1.41249, 5.50877
6, 2.75, -4.04419, 1.20363, 5.44978
6, 3, -3.99606, 0.951443, 5.47061
6, 5, -3.99606, -0.951443, 5.47061
6, 5.25, -4.04419, -1.20363, 5.44978
6, 5.5, -3.95497, -1.41249, 5.50877
6, 5.75, -3.95914, -1.64964, 5.51033
6, 6, -3.96961, -1.89029, 5.51259
6, 6.25, -3.94082, -2.11115, 5.55826
6, 6.5, -3.90021, -2.32156, 5.61192
6, 6.75, -3.90297, -2.55551, 5.61423
6, 7, -3.8924, -2.78028, 5.616
6, 7.25, -3.82108, -2.95679, 5.72167
6, 7.5, -3.84721, -3.20601, 5.72515
6, 7.75, -3.7815, -3.37634, 5.83177
6, 8, -3.72693, -3.54946, 5.9384
6.25, 0, -3.98589, 3.58282, 5.94285
6.25, 0.25, -3.9508, 3.32932, 5.93878
6.25, 0.5, -3.96942, 3.12201, 5.884
6.25, 0.75, -4.0095, 2.92829, 5.82939
6.25, 1, -4.01976, 2.70995, 5.77468
6.25, 1.25, -4.05082, 2.50332, 5.77288
6.25, 1.5, -4.06319, 2.28269, 5.71874
6.25, 1.75, -4.05548, 2.05052, 5.71663
6.25, 2, -4.12028, 1.85181, 5.66568
6.25, 2.25, -4.13337, 1.62548, 5.66228
6.25, 2.5, -4.18028, 1.40908, 5.58728
6.25, 2.75, -4.26868, 1.19907, 5.51401
6.25, 3, -4.21929, 0.948154, 5.55566
6.25, 5, -4.21929, -0.948154, 5.55566
6.25, 5.25, -4.26868, -1.19907, 5.51401
6.25, 5.5, -4.18028, -1.40908, 5.58728
6.25, 5.75, -4.13337, -1.62548, 5.66228
6.25, 6, -4.12028, -1.85181, 5.66568
6.25, 6.25, -4.05548, -2.05052, 5.71663
6.25, 6.5, -4.06319, -2.28269, 5.71874
6.25, 6.75, -4.05082, -2.50332, 5.77288
6.25, 7, -4.01976, -2.70995, 5.77468
6.25, 7.25, -4.0095, -2.92829, 5.82939
6.25, 7.5, -3.96942, -3.12201, 5.884
6.25, 7.75, -3.9508, -3.32932, 5.93878
6.25, 8, -3.98589, -3.58282, 5.94285
6.5, 0, -4.09292, 3.48334, 6.10173
6.5, 0.25, -4.17703, 3.33273, 5.94257
6.5, 0.5, -4.18271, 3.11478, 5.94013
6.5, 0.75, -4.24469, 2.93516, 5.83577
6.5, 1, -4.20082, 2.68138, 5.88266
6.5, 1.25, -4.2548, 2.48951, 5.83086
6.5, 1.5, -4.24413, 2.25752, 5.82816
6.5, 1.75, -4.31713, 2.06671, 5.77335
6.5, 2, -4.36075, 1.85564, 5.72007
6.5, 2.25, -4.30825, 1.60414, 5.74483
6.5, 2.5, -4.39529, 1.40275, 5.66762
6.5, 2.75, -4.39013, 1.16759, 5.66617
6.5, 3, -4.39552, 0.935218, 5.66507
6.5, 5, -4.39552, -0.935218, 5.66507
6.5, 5.25, -4.39013, -1.16759, 5.66617
6.5, 5.5, -4.39529, -1.40275, 5.66762
6.5, 5.75, -4.30825, -1.60414, 5.74483
6.5, 6, -4.36075, -1.85564, 5.72007
6.5, 6.25, -4.31713, -2.06671, 5.77335
6.5, 6.5, -4.24413, -2.25752, 5.82816
6.5, 6.75, -4.2548, -2.48951, 5.83086
6.5, 7, -4.20082, -2.68138, 5.88266
6.5, 7.25, -4.24469, -2.93516, 5.83577
6.5, 7.5, -4.18271, -3.11478, 5.94013
6.5, 7.75, -4.17703, -3.33273, 5.94257
6.5, 8, -4.09292, -3.48334, 6.10173
6.75, 0, -4.36648, 3.52847, 6.05383
6.75, 0.25, -4.31504, 3.26897, 6.1557
6.75, 0.5, -4.3253, 3.0583, 6.04717
6.75, 0.75, -4.41721, 2.90019, 5.99394
6.75, 1, -4.39211, 2.66188, 5.9909
6.75, 1.25, -4.43219, 2.46233, 5.93693
6.75, 1.5, -4.39271, 2.21854, 5.98652
6.75, 1.75, -4.48093, 2.03679, 5.88118
6.75, 2, -4.42881, 1.78942, 5.93106
6.75, 2.25, -4.53351, 1.60276, 5.82806
6.75, 2.5, -4.51545, 1.36832, 5.82651
6.75, 2.75, -4.52016, 1.14145, 5.8251
6.75, 3, -4.52047, 0.913227, 5.82394
6.75, 3.25, -4.26463, 0.646156, 11.8507
6.75, 3.5, -4.29151, 0.433486, 11.8508
6.75, 3.75, -4.4138, 0.222919, 12.1423
6.75, 4, -5.98785, 7.333e-16, 15.5989
6.75, 4.25, -4.4138, -0.222919, 12.1423
6.75, 4.5, -4.29151, -0.433486, 11.8508
6.75, 4.75, -4.26463, -0.646156, 11.8507
6.75, 5, -4.04227, -0.816621, 11.3304
6.75, 5.25, -4.52016, -1.14145, 5.8251
6.75, 5.5, -4.51545, -1.36832, 5.82651
6.75, 5.75, -4.53351, -1.60276, 5.82806
6.75, 6, -4.42881, -1.78942, 5.93106
6.75, 6.25, -4.48093, -2.03679, 5.88118
6.75, 6.5, -4.39271, -2.21854, 5.98652
6.75, 6.75, -4.43219, -2.46233, 5.93693
6.75, 7, -4.39211, -2.66188, 5.9909
6.75, 7.25, -4.41721, -2.90019, 5.99394
6.75, 7.5, -4.3253, -3.0583, 6.04717
6.75, 7.75, -4.31504, -3.26897, 6.1557
6.75, 8, -4.36648, -3.52847, 6.05383
7, 0, -4.53703, 3.49002, 6.21568
7, 0.25, -4.53621, 3.2713, 6.21297
7, 0.5, -4.57764, 3.0811, 6.105
7, 0.75, -4.52849, 2.83031, 6.15425
7, 1, -4.63792, 2.67572, 6.04846
7, 1.25, -4.60484, 2.43525, 6.04528
7, 1.5, -4.62367, 2.22292, 6.04365
7, 1.75, -4.63372, 2.00498, 5.99504
7, 2, -4.64715, 1.78737, 5.99346
7, 2.25, -4.70743, 1.58423, 5.93468
7, 2.5, -4.6574, 1.34348, 5.98519
7, 2.75, -4.69893, 1.12955, 5.9494
7, 3, -3.19837, 0.61507, 8.93091
7, 3.25, -3.25695, 0.469753, 9.00006
7, 3.5, -3.29134, 0.316475, 9.08342
7, 3.75, -3.30282, 0.158789, 9.08373
7, 4, -3.30655, 4.04935e-16, 9.08351
7, 4.25, -3.30282, -0.158789, 9.08373
7, 4.5, -3.29134, -0.316475, 9.08342
7, 4.75, -3.25695, -0.469753, 9.00006
7, 5, -3.19837, -0.61507, 8.93091
7, 5.25, -4.69893, -1.12955, 5.9494
7, 5.5, -4.6574, -1.34348, 5.98519
7, 5.75, -4.70743, -1.58423, 5.93468
7, 6, -4.64715, -1.78737, 5.99346
7, 6.25, -4.63372, -2.00498, 5.99504
7, 6.5, -4.62367, -2.22292, 6.04365
7, 6.75, -4.60484, -2.43525, 6.04528
7, 7, -4.63792, -2.67572, 6.04846
7, 7.25, -4.52849, -2.83031, 6.15425
7, 7.5, -4.57764, -3.0811, 6.105
7, 7.75, -4.53621, -3.2713, 6.21297
7, 8, -4.53703, -3.49002, 6.21568
7.25, 0, -4.64893, 3.41206, 6.32342
7.25, 0.25, -4.65912, 3.20582, 6.32053
7.25, 0.5, -4.66062, 2.99306, 6.26467
7.25, 0.75, -4.72074, 2.81512, 6.21427
7.25, 1, -4.72187, 2.5992, 6.21181
7.25, 1.25, -4.77595, 2.40989, 6.15423
7.25, 1.5, -4.86208, 2.23031, 6.05627
7.25, 1.75, -4.81296, 1.987, 6.09846
7.25, 2, -4.80715, 1.76409, 6.09677
7.25, 2.25, -4.86958, 1.56363, 6.04334
7.25, 2.5, -4.85406, 1.33598, 6.04161
7.25, 2.75, -4.84756, 1.11183, 6.04053
7.25, 3, -3.44218, 0.631592, 8.66192
7.25, 3.25, -3.49101, 0.480414, 8.72199
7.25, 3.5, -3.48193, 0.319443, 8.72099
7.25, 3.75, -3.47181, 0.159257, 8.72055
7.25, 4, -3.32503, 4.07198e-16, 8.59744
7.25, 4.25, -3.47181, -0.159257, 8.72055
7.25, 4.5, -3.48193, -0.319443, 8.72099
7.25, 4.75, -3.49101, -0.480414, 8.72199
7.25, 5, -3.44218, -0.631592, 8.66192
7.25, 5.25, -4.84756, -1.11183, 6.04053
7.25, 5.5, -4.85406, -1.33598, 6.04161
7.25, 5.75, -4.86958, -1.56363, 6.04334
7.25, 6, -4.80715, -1.76409, 6.09677
7.25, 6.25, -4.81296, -1.987, 6.09846
7.25, 6.5, -4.86208, -2.23031, 6.05627
7.25, 6.75, -4.77595, -2.40989, 6.15423
7.25, 7, -4.72187, -2.5992, 6.21181
7.25, 7.25, -4.72074, -2.81512, 6.21427
7.25, 7.5, -4.66062, -2.99306, 6.26467
7.25, 7.75, -4.65912, -3.20582, 6.32053
7.25, 8, -4.64893, -3.41206, 6.32342
7.5, 0, -4.80785, 3.37393, 6.48598
7.5, 0.25, -4.80767, 3.16294, 6.42987
7.5, 0.5, -4.84551, 2.97531, 6.4281
7.5, 0.75, -4.87039, 2.77698, 6.37272
7.5, 1, -4.91335, 2.58597, 6.31827
7.5, 1.25, -4.90035, 2.3642, 6.31602
7.5, 1.5, -4.99353, 2.19015, 6.21318
7.5, 1.75, -4.9788, 1.96531, 6.2108
7.5, 2, -4.96698, 1.7428, 6.20858
7.5, 2.25, -4.97648, 1.52787, 6.20743
7.5, 2.5, -5.02801, 1.32316, 6.16499
7.5, 2.75, -5.0275, 1.10252, 6.16392
7.5, 3, -3.65117, 0.640556, 8.46784
7.5, 3.25, -3.6753, 0.483592, 8.46795
7.5, 3.5, -3.64314, 0.319573, 8.46684
7.5, 3.75, -3.60812, 0.158251, 8.42517
7.5, 4, -3.61159, 4.42292e-16, 8.42517
7.5, 4.25, -3.60812, -0.158251, 8.42517
7.5, 4.5, -3.64314, -0.319573, 8.46684
7.5, 4.75, -3.6753, -0.483592, 8.46795
7.5, 5, -3.65117, -0.640556, 8.46784
7.5, 5.25, -5.0275, -1.10252, 6.16392
7.5, 5.5, -5.02801, -1.32316, 6.16499
7.5, 5.75, -4.97648, -1.52787, 6.20743
7.5, 6, -4.96698, -1.7428, 6.20858
7.5, 6.25, -4.9788, -1.96531, 6.2108
7.5, 6.5, -4.99353, -2.19015, 6.21318
7.5, 6.75, -4.90035, -2.3642, 6.31602
7.5, 7, -4.91335, -2.58597, 6.31827
7.5, 7.25, -4.87039, -2.77698, 6.37272
7.5, 7.5, -4.84551, -2.97531, 6.4281
7.5, 7.75, -4.80767, -3.16294, 6.42987
7.5, 8, -4.80785, -3.37393, 6.48598
7.75, 0, -4.97227, 3.3427, 6.54281
7.75, 0.25, -4.98016, 3.13875, 6.48641
7.75, 0.5, -5.02246, 2.95439, 6.48493
7.75, 0.75, -5.05919, 2.76342, 6.43004
7.75, 1, -5.02323, 2.53272, 6.43304
7.75, 1.25, -5.09564, 2.35513, 6.37303
7.75, 1.5, -5.09434, 2.14048, 6.37108
7.75, 1.75, -5.13272, 1.94095, 6.31704
7.75, 2, -5.17298, 1.73882, 6.26465
7.75, 2.25, -5.16973, 1.52051, 6.26654
7.75, 2.5, -5.16708, 1.30262, 6.26781
7.75, 2.75, -5.17504, 1.08719, 6.259
7.75, 3, -3.83308, 0.644216, 8.33536
7.75, 3.25, -3.92758, 0.495074, 8.39309
7.75, 3.5, -3.89138, 0.327007, 8.35905
7.75, 3.75, -3.82391, 0.160668, 8.33414
7.75, 4, -3.9232, 4.80453e-16, 8.35931
7.75, 4.25, -3.82391, -0.160668, 8.33414
7.75, 4.5, -3.89138, -0.327007, 8.35905
7.75, 4.75, -3.92758, -0.495074, 8.39309
7.75, 5, -3.83308, -0.644216, 8.33536
7.75, 5.25, -3.92796, -0.825202, 8.36146
7.75, 5.5, -5.16708, -1.30262, 6.26781
7.75, 5.75, -5.16973, -1.52051, 6.26654
7.75, 6, -5.17298, -1.73882, 6.26465
7.75, 6.25, -5.13272, -1.94095, 6.31704
7.75, 6.5, -5.09434, -2.14048, 6.37108
7.75, 6.75, -5.09564, -2.35513, 6.37303
7.75, 7, -5.02323, -2.53272, 6.43304
7.75, 7.25, -5.05919, -2.76342, 6.43004
7.75, 7.5, -5.02246, -2.95439, 6.48493
7.75, 7.75, -4.98016, -3.13875, 6.48641
7.75, 8, -4.97227, -3.3427, 6.54281
8, 0, -5.11898, 3.30257, 6.65259
8, 0.25, -5.14472, 3.11173, 6.65045
8, 0.5, -5.2015, 2.93633, 6.54199
8, 0.75, -5.228, 2.74049, 6.54066
8, 1, -5.21235, 2.52211, 6.53791
8, 1.25, -5.23145, 2.3204, 6.48237
8, 1.5, -5.23719, 2.11177, 6.48056
8, 1.75, -5.27606, 1.9147, 6.43278
8, 2, -5.23845, 1.68982, 6.47713
8, 2.25, -5.31603, 1.50049, 6.38662
8, 2.5, -5.34303, 1.29267, 6.37037
8, 2.75, -5.34014, 1.07664, 6.37579
8, 3, -4.12806, 0.665816, 8.28843
8, 3.25, -4.11736, 0.498068, 8.28743
8, 3.5, -4.11752, 0.332058, 8.28709
8, 3.75, -4.10771, 0.165633, 8.25211
8, 4, -4.08922, 5.00785e-16, 8.25169
8, 4.25, -4.10771, -0.165633, 8.25211
8, 4.5, -4.11752, -0.332058, 8.28709
8, 4.75, -4.11736, -0.498068, 8.28743
8, 5, -4.12806, -0.665816, 8.28843
8, 5.25, -4.11446, -0.829529, 8.28892
8, 5.5, -5.34303, -1.29267, 6.37037
8, 5.75, -5.31603, -1.50049, 6.38662
8, 6, -5.23845, -1.68982, 6.47713
8, 6.25, -5.27606, -1.9147, 6.43278
8, 6.5, -5.23719, -2.11177, 6.48056
8, 6.75, -5.23145, -2.3204, 6.48237
8, 7, -5.21235, -2.52211, 6.53791
8, 7.25, -5.228, -2.74049, 6.54066
8, 7.5, -5.2015, -2.93633, 6.54199
8, 7.75, -5.14472, -3.11173, 6.65045
8, 8, -5.11898, -3.30257, 6.65259
8.25, 0, -5.25705, 3.26019, 6.76266
8.25, 0.25, -5.33778, 3.10336, 6.70838
8.25, 0.5, -5.36917, 2.9135, 6.65324
8.25, 0.75, -5.37474, 2.7082, 6.61998
8.25, 1, -5.28036, 2.45598, 6.7041
8.25, 1.25, -5.39559, 2.30045, 6.5933
8.25, 1.5, -5.3979, 2.09221, 6.56926
8.25, 1.75, -5.47334, 1.9093, 6.48471
8.25, 2, -5.46948, 1.69596, 6.48627
8.25, 2.25, -5.46718, 1.48334, 6.48101
8.25, 2.5, -5.46342, 1.27056, 6.48129
8.25, 2.75, -5.48719, 1.06341, 6.47914
8.25, 3, -4.32274, 0.670193, 8.23887
8.25, 3.25, -4.31075, 0.50125, 8.23797
8.25, 3.5, -4.32029, 0.334906, 8.19922
8.25, 3.75, -4.33, 0.167829, 8.19922
8.25, 4, -4.35402, 5.33214e-16, 8.23853
8.25, 4.25, -4.33, -0.167829, 8.19922
8.25, 4.5, -4.32029, -0.334906, 8.19922
8.25, 4.75, -4.31075, -0.50125, 8.23797
8.25, 5, -4.32274, -0.670193, 8.23887
8.25, 5.25, -4.3556, -0.844109, 8.2408
8.25, 5.5, -5.46342, -1.27056, 6.48129
8.25, 5.75, -5.46718, -1.48334, 6.48101
8.25, 6, -5.46948, -1.69596, 6.48627
8.25, 6.25, -5.47334, -1.9093, 6.48471
8.25, 6.5, -5.3979, -2.09221, 6.56926
8.25, 6.75, -5.39559, -2.30045, 6.5933
8.25, 7, -5.28036, -2.45598, 6.7041
8.25, 7.25, -5.37474, -2.7082, 6.61998
8.25, 7.5, -5.36917, -2.9135, 6.65324
8.25, 7.75, -5.33778, -3.10336, 6.70838
8.25, 8, -5.25705, -3.26019, 6.76266
