0, 0, 3.69186, 3.23114, 8.32763
0, 0.25, 3.76302, 3.08936, 8.19426
0, 0.5, 3.67501, 2.81781, 8.31728
0, 0.75, 3.66655, 2.61249, 8.31338
0, 1, 3.58386, 2.35922, 8.43973
0, 1.25, 3.57466, 2.15932, 8.43625
0, 1.5, 3.49793, 1.92328, 8.56458
0, 1.75, 3.44478, 1.70725, 8.65158
0, 2, 3.39526, 1.49859, 8.73945
0, 2.25, 4.00184, 1.5493, 7.73663
0, 2.5, 4.05999, 1.35165, 7.655
0, 2.75, 4.03904, 1.12564, 7.67672
0, 3, 4.03314, 0.905284, 7.67519
0, 3.25, 3.93715, 0.670233, 7.79313
0, 3.5, 3.99654, 0.463615, 7.71215
0, 3.75, 3.85764, 0.238306, 7.88964
0, 4, 3.96282, 0.0299053, 7.75074
0, 4.25, 3.96331, -0.185016, 7.75143
0, 4.5, 4.02643, -0.406311, 7.67259
0, 4.75, 4.0299, -0.625197, 7.67285
0, 5, 4.00151, -0.83779, 7.71362
0, 5.25, 3.92757, -1.0353, 7.81178
0, 5.5, 3.96313, -1.25959, 7.77353
0, 5.75, 3.87941, -1.44335, 7.89671
0, 6, 3.4154, -1.45593, 8.69357
0, 6.25, 3.46697, -1.66592, 8.60579
0, 6.5, 3.42748, -1.83282, 8.69916
0, 6.75, 3.48006, -2.04965, 8.61159
0, 7, 3.50942, -2.25725, 8.5717
0, 7.25, 3.63772, -2.53705, 8.35576
0, 7.5, 3.67151, -2.75972, 8.31678
0, 7.75, 3.70609, -2.98668, 8.27856
0, 8, 3.79573, -3.26476, 8.15597
0.25, 0, 3.58215, 3.31489, 8.1516
0.25, 0.25, 3.47399, 3.0156, 8.31663
0.25, 0.5, 3.39347, 2.75113, 8.44309
0.25, 0.75, 3.31881, 2.5003, 8.56992
0.25, 1, 3.28951, 2.28962, 8.61107
0.25, 1.25, 3.25963, 2.08192, 8.6528
0.25, 1.5, 3.21105, 1.86678, 8.73915
0.25, 1.75, 3.66958, 1.92294, 7.89719
0.25, 2, 3.74632, 1.74835, 7.77277
0.25, 2.25, 3.78442, 1.54914, 7.71368
0.25, 2.5, 3.64853, 1.28431, 7.88918
0.25, 2.75, 3.77193, 1.11147, 7.71029
0.25, 3, 3.76834, 0.894347, 7.70744
0.25, 3.25, 3.8868, 0.699598, 7.55053
0.25, 3.5, 3.73129, 0.457663, 7.74598
0.25, 3.75, 3.79025, 0.247569, 7.66545
0.25, 4, 3.81982, 0.030479, 7.62538
0.25, 4.25, 3.75868, -0.185524, 7.70538
0.25, 4.5, 3.79138, -0.404529, 7.66586
0.25, 4.75, 3.82436, -0.62733, 7.62744
0.25, 5, 3.73628, -0.827112, 7.74759
0.25, 5.25, 3.80019, -1.05916, 7.66986
0.25, 5.5, 3.74603, -1.25885, 7.75116
0.25, 5.75, 3.6806, -1.4479, 7.85004
0.25, 6, 3.84979, -1.7352, 7.63715
0.25, 6.25, 3.63895, -1.84882, 7.93791
0.25, 6.5, 3.23121, -1.82694, 8.69295
0.25, 6.75, 3.25759, -2.02863, 8.65131
0.25, 7, 3.30787, -2.24961, 8.56548
0.25, 7.25, 3.33894, -2.46219, 8.52491
0.25, 7.5, 3.36801, -2.67674, 8.4854
0.25, 7.75, 3.51948, -2.99892, 8.23053
0.25, 8, 3.52855, -3.20897, 8.23485
0.5, 0, 3.27393, 3.21394, 8.31643
0.5, 0.25, 3.17708, 2.92562, 8.48547
0.5, 0.5, 3.14644, 2.70602, 8.52515
0.5, 0.75, 3.1187, 2.49246, 8.56504
0.5, 1, 3.00181, 2.21646, 8.80579
0.5, 1.25, 3.43484, 2.32727, 7.93993
0.5, 1.5, 3.47985, 2.1461, 7.85389
0.5, 1.75, 3.53783, 1.96666, 7.75394
0.5, 2, 3.5593, 1.76211, 7.71024
0.5, 2.25, 3.55091, 1.54196, 7.70809
0.5, 2.5, 3.60158, 1.3449, 7.62676
0.5, 2.75, 3.51152, 1.09768, 7.74397
0.5, 3, 3.56228, 0.896866, 7.66225
0.5, 3.25, 3.53189, 0.674386, 7.70037
0.5, 3.5, 3.55575, 0.46266, 7.65969
0.5, 3.75, 3.49983, 0.242504, 7.73857
0.5, 4, 3.47216, 0.0293901, 7.77858
0.5, 4.25, 3.49931, -0.183228, 7.73868
0.5, 4.5, 3.55496, -0.402376, 7.65964
0.5, 4.75, 3.52984, -0.614237, 7.7006
0.5, 5, 3.4799, -0.817215, 7.78138
0.5, 5.25, 3.5377, -1.04597, 7.70301
0.5, 5.5, 3.62918, -1.29377, 7.58701
0.5, 5.75, 3.60764, -1.50553, 7.62827
0.5, 6, 3.58542, -1.71434, 7.6699
0.5, 6.25, 3.53669, -1.90616, 7.7524
0.5, 6.5, 3.58772, -2.15189, 7.69246
0.5, 6.75, 3.45936, -2.28532, 7.89674
0.5, 7, 3.02835, -2.18478, 8.7402
0.5, 7.25, 3.05521, -2.39, 8.69842
0.5, 7.5, 3.08397, -2.60009, 8.65754
0.5, 7.75, 3.19593, -2.88887, 8.43991
0.5, 8, 3.27143, -3.15611, 8.31441
0.75, 0, 2.98262, 3.1176, 8.48561
0.75, 0.25, 2.95421, 2.89657, 8.52489
0.75, 0.5, 2.87124, 2.62927, 8.69877
0.75, 0.75, 2.84418, 2.42028, 8.74018
0.75, 1, 3.22271, 2.53367, 7.93853
0.75, 1.25, 3.26321, 2.35418, 7.85256
0.75, 1.5, 3.31751, 2.17849, 7.75156
0.75, 1.75, 3.36327, 1.99071, 7.66846
0.75, 2, 3.40969, 1.79736, 7.58695
0.75, 2.25, 3.34657, 1.54735, 7.6626
0.75, 2.5, 3.31515, 1.31812, 7.6995
0.75, 2.75, 3.30939, 1.10149, 7.6974
0.75, 3, 3.20376, 0.858842, 7.85727
0.75, 3.25, 3.24789, 0.660322, 7.7746
0.75, 3.5, 3.19698, 0.442919, 7.85443
0.75, 3.75, 3.17026, 0.233895, 7.89585
0.75, 4, 3.21766, 0.0289999, 7.8132
0.75, 4.25, 3.17102, -0.176792, 7.89471
0.75, 4.5, 3.17121, -0.382187, 7.89633
0.75, 4.75, 3.24857, -0.601903, 7.77423
0.75, 5, 3.22725, -0.806968, 7.81595
0.75, 5.25, 3.28049, -1.03274, 7.73698
0.75, 5.5, 3.23574, -1.22822, 7.81966
0.75, 5.75, 3.26802, -1.45212, 7.78096
0.75, 6, 3.35309, -1.70709, 7.66397
0.75, 6.25, 3.41413, -1.95928, 7.58943
0.75, 6.5, 3.42272, -2.18588, 7.5934
0.75, 6.75, 3.40394, -2.39434, 7.63568
0.75, 7, 3.34755, -2.57148, 7.7341
0.75, 7.25, 2.8431, -2.36811, 8.73795
0.75, 7.5, 2.88713, -2.59177, 8.65215
0.75, 7.75, 2.9145, -2.8051, 8.61224
0.75, 8, 3.00034, -3.08203, 8.44034
1, 0, 2.76329, 3.08836, 8.52498
1, 0.25, 2.6852, 2.81513, 8.6986
1, 0.5, 2.66031, 2.60482, 8.73929
1, 0.75, 3.08193, 2.80421, 7.81487
1, 1, 3.23569, 2.72005, 7.55843
1, 1.25, 3.14864, 2.42883, 7.67057
1, 1.5, 3.1406, 2.20514, 7.66608
1, 1.75, 3.13112, 1.98165, 7.663
1, 2, 3.12447, 1.76107, 7.65965
1, 2.25, 2.997, 1.48168, 7.85855
1, 2.5, 3.03704, 1.29116, 7.77457
1, 2.75, 2.98573, 1.06258, 7.85292
1, 3, 2.93681, 0.841801, 7.9341
1, 3.25, 2.95339, 0.64203, 7.89138
1, 3.5, 2.97397, 0.440555, 7.84935
1, 3.75, 2.90503, 0.229169, 7.97275
1, 4, 3.00392, 0.0289483, 7.79241
1, 4.25, 3.02892, -0.180564, 7.7516
1, 4.5, 2.98285, -0.38438, 7.83328
1, 4.75, 2.95228, -0.584886, 7.8912
1, 5, 2.93415, -0.784486, 7.93361
1, 5.25, 3.00577, -1.01178, 7.81213
1, 5.5, 2.98996, -1.21352, 7.85435
1, 5.75, 2.99645, -1.42366, 7.85718
1, 6, 3.04973, -1.66016, 7.77865
1, 6.25, 3.08114, -1.89063, 7.74157
1, 6.5, 3.13807, -2.14288, 7.66568
1, 6.75, 3.17137, -2.38524, 7.63013
1, 7, 3.07047, -2.52198, 7.80906
1, 7.25, 3.0792, -2.74238, 7.81368
1, 7.5, 2.67526, -2.56789, 8.69259
1, 7.75, 2.7001, -2.77872, 8.65184
1, 8, 2.74397, -3.01388, 8.56772
1.25, 0, 2.49906, 3.00086, 8.6992
1.25, 0.25, 2.47634, 2.78933, 8.73928
1.25, 0.5, 2.84635, 2.99433, 7.85529
1.25, 0.75, 2.91608, 2.85073, 7.71381
1.25, 1, 2.92917, 2.64558, 7.67001
1.25, 1.25, 2.89656, 2.40062, 7.70495
1.25, 1.5, 2.86515, 2.16141, 7.74088
1.25, 1.75, 2.8579, 1.94331, 7.73726
1.25, 2, 2.82662, 1.71173, 7.77489
1.25, 2.25, 2.83063, 1.50355, 7.7554
1.25, 2.5, 2.75008, 1.25615, 7.89143
1.25, 2.75, 2.79494, 1.06869, 7.79156
1.25, 3, 2.83343, 0.872594, 7.70975
1.25, 3.25, 3.05849, 0.714346, 7.34566
1.25, 3.5, 3.05501, 0.486233, 7.34446
1.25, 3.75, 2.97622, 0.252254, 7.45696
1.25, 4, 3.05067, 0.0315862, 7.34409
1.25, 4.25, 3.11828, -0.199722, 7.25683
1.25, 4.5, 3.02839, -0.419285, 7.38163
1.25, 4.75, 3.05712, -0.65072, 7.34485
1.25, 5, 2.7686, -0.795298, 7.83021
1.25, 5.25, 2.72081, -0.984006, 7.93024
1.25, 5.5, 2.77831, -1.21151, 7.83359
1.25, 5.75, 2.71279, -1.38478, 7.9761
1.25, 6, 2.76196, -1.61538, 7.89581
1.25, 6.25, 2.79022, -1.8395, 7.85742
1.25, 6.5, 2.8855, -2.11701, 7.70045
1.25, 6.75, 2.89391, -2.3385, 7.70394
1.25, 7, 2.92629, -2.58238, 7.66905
1.25, 7.25, 3.00858, -2.87885, 7.55548
1.25, 7.5, 2.82311, -2.91142, 7.89409
1.25, 7.75, 2.48911, -2.75217, 8.69296
1.25, 8, 2.49678, -2.94642, 8.69787
1.5, 0, 2.27794, 2.95521, 8.78578
1.5, 0.25, 2.57755, 3.13671, 7.97886
1.5, 0.5, 2.72108, 3.09265, 7.67452
1.5, 0.75, 2.73335, 2.88688, 7.62965
1.5, 1, 2.72329, 2.65735, 7.62547
1.5, 1.25, 2.67088, 2.39151, 7.70022
1.5, 1.5, 2.58212, 2.10448, 7.85707
1.5, 1.75, 2.59332, 1.90515, 7.81278
1.5, 2, 2.56603, 1.67883, 7.85079
1.5, 2.25, 2.58759, 1.48494, 7.79137
1.5, 2.5, 2.64128, 1.30344, 7.66843
1.5, 2.75, 2.8484, 1.17668, 7.30719
1.5, 3, 2.85514, 0.94996, 7.29184
1.5, 3.25, 2.84884, 0.718865, 7.29075
1.5, 3.5, 2.89678, 0.498109, 7.2163
1.5, 3.75, 2.8425, 0.260286, 7.28888
1.5, 4, 2.91893, 0.0326516, 7.17901
1.5, 4.25, 2.84203, -0.19666, 7.28822
1.5, 4.5, 2.8698, -0.429266, 7.2526
1.5, 4.75, 2.87372, -0.660851, 7.25332
1.5, 5, 2.87846, -0.893321, 7.25425
1.5, 5.25, 2.82195, -1.10262, 7.34308
1.5, 5.5, 2.78233, -1.31079, 7.42038
1.5, 5.75, 2.60516, -1.43674, 7.75034
1.5, 6, 2.47829, -1.56598, 8.05447
1.5, 6.25, 2.59001, -1.84477, 7.81234
1.5, 6.5, 2.59847, -2.05967, 7.81578
1.5, 6.75, 2.5884, -2.25975, 7.86027
1.5, 7, 2.67865, -2.55386, 7.70314
1.5, 7.25, 2.70796, -2.79948, 7.6684
1.5, 7.5, 2.76251, -3.07793, 7.5948
1.5, 7.75, 2.69511, -3.21948, 7.73365
1.5, 8, 2.29134, -2.92133, 8.73893
1.75, 0, 2.46427, 3.47639, 7.77579
1.75, 0.25, 2.41696, 3.19839, 7.85208
1.75, 0.5, 2.41783, 2.98819, 7.82965
1.75, 0.75, 2.52503, 2.89996, 7.58675
1.75, 1, 2.45594, 2.60595, 7.70007
1.75, 1.25, 2.39094, 2.32798, 7.81682
1.75, 1.5, 2.36495, 2.09596, 7.85267
1.75, 1.75, 2.36523, 1.88947, 7.83326
1.75, 2, 2.41128, 1.71548, 7.70911
1.75, 2.25, 2.53318, 1.58078, 7.45636
1.75, 2.5, 2.62228, 1.40717, 7.29102
1.75, 2.75, 2.63774, 1.1849, 7.25213
1.75, 3, 2.65465, 0.960458, 7.2143
1.75, 3.25, 2.68415, 0.73651, 7.16496
1.75, 3.5, 2.70413, 0.505627, 7.12795
1.75, 3.75, 2.70181, 0.269029, 7.12768
1.75, 4, 2.72535, 0.0331509, 7.09187
1.75, 4.25, 2.70235, -0.20334, 7.12654
1.75, 4.5, 2.72849, -0.443803, 7.09313
1.75, 4.75, 2.70706, -0.676941, 7.12883
1.75, 5, 2.66512, -0.89941, 7.20087
1.75, 5.25, 2.63683, -1.12035, 7.25165
1.75, 5.5, 2.6212, -1.34283, 7.2904
1.75, 5.75, 2.59483, -1.55613, 7.34306
1.75, 6, 2.4279, -1.66824, 7.66841
1.75, 6.25, 2.38013, -1.84346, 7.79204
1.75, 6.5, 2.31045, -1.99145, 7.97619
1.75, 6.75, 2.38946, -2.26841, 7.81513
1.75, 7, 2.43525, -2.52475, 7.73814
1.75, 7.25, 2.44428, -2.74776, 7.74332
1.75, 7.5, 2.51222, -3.04373, 7.62883
1.75, 7.75, 2.41552, -3.1377, 7.84997
1.75, 8, 2.42413, -3.36079, 7.85555
2, 0, 2.22527, 3.43991, 7.81333
2, 0.25, 2.24325, 3.25283, 7.75089
2, 0.5, 2.27008, 3.07431, 7.66613
2, 0.75, 2.2426, 2.8223, 7.70123
2, 1, 2.16665, 2.51918, 7.85742
2, 1.25, 2.17474, 2.32029, 7.81226
2, 1.5, 2.09197, 2.03161, 8.012
2, 1.75, 2.2168, 1.94051, 7.66838
2, 2, 2.37627, 1.8525, 7.32987
2, 2.25, 2.38896, 1.63357, 7.28931
2, 2.5, 2.47582, 1.45583, 7.13048
2, 2.75, 2.46777, 1.21473, 7.12791
2, 3, 2.48341, 0.984563, 7.09129
2, 3.25, 2.48784, 0.748029, 7.07817
2, 3.5, 2.51084, 0.514453, 7.0409
2, 3.75, 2.53504, 0.2766, 7.00541
2, 4, 2.54548, 0.0339287, 6.99428
2, 4.25, 2.53832, -0.209292, 6.99766
2, 4.5, 2.52921, -0.450793, 7.00806
2, 4.75, 2.48658, -0.681364, 7.07821
2, 5, 2.45884, -0.909274, 7.12524
2, 5.25, 2.46588, -1.14807, 7.12783
2, 5.5, 2.47485, -1.38929, 7.12969
2, 5.75, 2.38657, -1.56832, 7.28789
2, 6, 2.41559, -1.81876, 7.25549
2, 6.25, 2.33435, -1.98118, 7.41998
2, 6.5, 2.17164, -2.05109, 7.79098
2, 6.75, 2.12366, -2.20918, 7.9338
2, 7, 2.19745, -2.49642, 7.77433
2, 7.25, 2.25868, -2.78232, 7.65905
2, 7.5, 2.26667, -3.00927, 7.66474
2, 7.75, 2.25752, -3.21334, 7.70969
2, 8, 2.20587, -3.35112, 7.85169
2.25, 0, 2.01531, 3.44535, 7.79265
2.25, 0.25, 2.05517, 3.29578, 7.66729
2.25, 0.5, 2.02991, 3.04026, 7.70205
2.25, 0.75, 2.00648, 2.79262, 7.73692
2.25, 1, 1.95257, 2.51075, 7.85378
2.25, 1.25, 1.94431, 2.29418, 7.84934
2.25, 1.5, 2.11184, 2.26816, 7.42099
2.25, 1.75, 2.12151, 2.05381, 7.3792
2.25, 2, 2.17567, 1.87578, 7.25213
2.25, 2.25, 2.21543, 1.67539, 7.16444
2.25, 2.5, 2.24592, 1.46054, 7.09096
2.25, 2.75, 2.26888, 1.23513, 7.04249
2.25, 3, 2.33596, 1.0242, 6.93002
2.25, 3.25, 2.37713, 0.790454, 6.88185
2.25, 3.5, 2.41981, 0.54832, 6.81693
2.25, 3.75, 2.44943, 0.295569, 6.77769
2.25, 4, 2.45886, 0.0362457, 6.75552
2.25, 4.25, 2.45603, -0.223957, 6.775
2.25, 4.5, 2.42883, -0.478759, 6.7907
2.25, 4.75, 2.38743, -0.723493, 6.85312
2.25, 5, 2.33483, -0.954874, 6.92973
2.25, 5.25, 2.27753, -1.1727, 7.03825
2.25, 5.5, 2.24421, -1.39326, 7.09047
2.25, 5.75, 2.2319, -1.62204, 7.1281
2.25, 6, 2.19242, -1.82558, 7.21494
2.25, 6.25, 2.16429, -2.03142, 7.29038
2.25, 6.5, 2.12718, -2.22192, 7.38215
2.25, 6.75, 1.96401, -2.25952, 7.79167
2.25, 7, 1.90684, -2.39574, 7.97668
2.25, 7.25, 1.97267, -2.6874, 7.81682
2.25, 7.5, 2.02763, -2.97707, 7.7006
2.25, 7.75, 2.03602, -3.20506, 7.70646
2.25, 8, 2.04496, -3.43573, 7.71161
2.5, 0, 1.84047, 3.51922, 7.67002
2.5, 0.25, 1.81868, 3.26209, 7.70409
2.5, 0.5, 1.79618, 3.00893, 7.73904
2.5, 0.75, 1.74783, 2.72084, 7.8546
2.5, 1, 1.72715, 2.48402, 7.89145
2.5, 1.25, 1.77923, 2.34813, 7.70873
2.5, 1.5, 1.93721, 2.3271, 7.29216
2.5, 1.75, 1.9805, 2.14446, 7.17894
2.5, 2, 1.99738, 1.9261, 7.12841
2.5, 2.25, 2.03244, 1.7191, 7.04452
2.5, 2.5, 2.06144, 1.4994, 6.97362
2.5, 2.75, 2.13241, 1.29838, 6.85933
2.5, 3, 2.2067, 1.08216, 6.7518
2.5, 3.25, 2.27157, 0.844842, 6.6579
2.5, 3.5, 2.33242, 0.591135, 6.61088
2.5, 3.75, 2.36622, 0.319358, 6.56009
2.5, 4, 2.38482, 0.0393194, 6.55229
2.5, 4.25, 2.37435, -0.242161, 6.55648
2.5, 4.5, 2.34184, -0.516301, 6.5877
2.5, 4.75, 2.29137, -0.77665, 6.64727
2.5, 5, 2.22533, -1.01792, 6.72248
2.5, 5.25, 2.15188, -1.23927, 6.8217
2.5, 5.5, 2.08797, -1.44985, 6.92989
2.5, 5.75, 2.03071, -1.65067, 7.04304
2.5, 6, 1.99453, -1.85758, 7.12691
2.5, 6.25, 1.97702, -2.0755, 7.17834
2.5, 6.5, 1.91795, -2.24072, 7.3279
2.5, 6.75, 1.8877, -2.42903, 7.42011
2.5, 7, 1.7434, -2.44991, 7.83327
2.5, 7.25, 1.74588, -2.66024, 7.85375
2.5, 7.5, 1.79449, -2.94692, 7.73709
2.5, 7.75, 1.83029, -3.22255, 7.66352
2.5, 8, 1.82415, -3.42787, 7.70828
2.75, 0, 1.65862, 3.59775, 7.55086
2.75, 0.25, 1.58695, 3.229, 7.74113
2.75, 0.5, 1.56693, 2.97767, 7.77586
2.75, 0.75, 1.5026, 2.65347, 7.97613
2.75, 1, 1.55795, 2.54183, 7.75088
2.75, 1.25, 1.68905, 2.52871, 7.34328
2.75, 1.5, 1.74664, 2.38018, 7.18023
2.75, 1.75, 1.76136, 2.16351, 7.12873
2.75, 2, 1.80834, 1.97817, 7.01078
2.75, 2.25, 1.82833, 1.7543, 6.96079
2.75, 2.5, 1.91303, 1.57847, 6.81335
2.75, 2.75, 2.00043, 1.38171, 6.67887
2.75, 3, 2.08674, 1.16087, 6.55988
2.75, 3.25, 0, 0, -1
2.75, 3.5, 0, 0, -1
2.75, 3.75, 0, 0, -1
2.75, 4, 0, 0, -1
2.75, 4.25, 0, 0, -1
2.75, 4.5, 0, 0, -1
2.75, 4.75, 0, 0, -1
2.75, 5, 2.11021, -1.09499, 6.53183
2.75, 5.25, 2.02499, -1.32293, 6.64483
2.75, 5.5, 1.9327, -1.5224, 6.75874
2.75, 5.75, 1.85723, -1.71257, 6.89604
2.75, 6, 1.77286, -1.87304, 7.07785
2.75, 6.25, 1.75872, -2.09448, 7.12707
2.75, 6.5, 1.74473, -2.31231, 7.1786
2.75, 6.75, 1.67219, -2.44091, 7.37888
2.75, 7, 1.56788, -2.49938, 7.70941
2.75, 7.25, 1.5339, -2.65137, 7.8507
2.75, 7.5, 1.56503, -2.91552, 7.77493
2.75, 7.75, 1.60955, -3.21478, 7.66051
2.75, 8, 1.61685, -3.44667, 7.66627
3, 0, 1.41025, 3.53398, 7.62547
3, 0.25, 1.36014, 3.19722, 7.77821
3, 0.5, 1.3227, 2.90383, 7.8962
3, 0.75, 1.28729, 2.62621, 8.0159
3, 1, 1.46442, 2.76021, 7.34526
3, 1.25, 1.50193, 2.59769, 7.2172
3, 1.5, 1.49906, 2.35998, 7.20143
3, 1.75, 1.51732, 2.15313, 7.12551
3, 2, 1.57491, 1.99032, 6.97236
3, 2.25, 1.65722, 1.83702, 6.7905
3, 2.5, 1.75096, 1.66906, 6.64532
3, 2.75, 1.85408, 1.47947, 6.51705
3, 3, 0, 0, -1
3, 3.25, 0, 0, -1
3, 3.5, 0, 0, -1
3, 3.75, 0, 0, -1
3, 4, 0, 0, -1
3, 4.25, 0, 0, -1
3, 4.5, 0, 0, -1
3, 4.75, 0, 0, -1
3, 5, 0, 0, -1
3, 5.25, 0, 0, -1
3, 5.5, 1.77984, -1.61968, 6.6108
3, 5.75, 1.68234, -1.79217, 6.75265
3, 6, 1.59774, -1.95013, 6.92657
3, 6.25, 1.52217, -2.09424, 7.11272
3, 6.5, 1.52395, -2.3333, 7.12917
3, 6.75, 1.49962, -2.5289, 7.21638
3, 7, 1.43754, -2.64742, 7.41895
3, 7.25, 1.33923, -2.6743, 7.79153
3, 7.5, 1.33092, -2.86436, 7.85363
3, 7.75, 1.36909, -3.15908, 7.73694
3, 8, 1.37492, -3.38603, 7.74325
3.25, 0, 1.17956, 3.49921, 7.66284
3.25, 0.25, 1.12899, 3.14166, 7.85785
3.25, 0.5, 1.09903, 2.8563, 7.97643
3.25, 0.75, 1.13899, 2.75079, 7.75085
3.25, 1, 1.23365, 2.75264, 7.34281
3.25, 1.25, 1.26495, 2.58998, 7.21511
3.25, 1.5, 1.2855, 2.39576, 7.12729
3.25, 1.75, 1.31819, 2.21438, 7.00828
3.25, 2, 1.385, 2.07204, 6.84665
3.25, 2.25, 1.46838, 1.92688, 6.65521
3.25, 2.5, 0, 0, -1
3.25, 2.75, 0, 0, -1
3.25, 3, 0, 0, -1
3.25, 3.25, 0, 0, -1
3.25, 3.5, 0, 0, -1
3.25, 3.75, 0, 0, -1
3.25, 4, 0, 0, -1
3.25, 4.25, 0, 0, -1
3.25, 4.5, 0, 0, -1
3.25, 4.75, 0, 0, -1
3.25, 5, 0, 0, -1
3.25, 5.25, 0, 0, -1
3.25, 5.5, 1.60075, -1.72446, 6.46454
3.25, 5.75, 1.49648, -1.8872, 6.61533
3.25, 6, 1.40562, -2.03098, 6.78612
3.25, 6.25, 1.32847, -2.1637, 6.9739
3.25, 6.5, 1.29496, -2.34715, 7.09049
3.25, 6.75, 1.27952, -2.55436, 7.16603
3.25, 7, 1.24795, -2.7207, 7.29098
3.25, 7.25, 1.14617, -2.70949, 7.70927
3.25, 7.5, 1.12189, -2.8583, 7.85084
3.25, 7.75, 1.13607, -3.10326, 7.81555
3.25, 8, 1.16847, -3.40653, 7.70057
3.5, 0, 0.953587, 3.46593, 7.70094
3.5, 0.25, 0.926956, 3.16038, 7.81526
3.5, 0.5, 0.908374, 2.89245, 7.89213
3.5, 0.75, 0.942475, 2.78879, 7.6687
3.5, 1, 1.01742, 2.78142, 7.29082
3.5, 1.25, 1.0526, 2.64055, 7.12935
3.5, 1.5, 1.06955, 2.44219, 7.04489
3.5, 1.75, 1.10177, 2.26764, 6.92584
3.5, 2, 1.17121, 2.14681, 6.71812
3.5, 2.25, 1.25878, 2.02384, 6.54826
3.5, 2.5, 0, 0, -1
3.5, 2.75, 0, 0, -1
3.5, 3, 0, 0, -1
3.5, 3.25, 0, 0, -1
3.5, 3.5, 0, 0, -1
3.5, 3.75, 0, 0, -1
3.5, 4, 0, 0, -1
3.5, 4.25, 0, 0, -1
3.5, 4.5, 0, 0, -1
3.5, 4.75, 0, 0, -1
3.5, 5, 0, 0, -1
3.5, 5.25, 0, 0, -1
3.5, 5.5, 0, 0, -1
3.5, 5.75, 0, 0, -1
3.5, 6, 1.19507, -2.11563, 6.67506
3.5, 6.25, 1.11905, -2.23307, 6.8617
3.5, 6.5, 1.05776, -2.34897, 7.07791
3.5, 6.75, 1.05038, -2.56914, 7.12894
3.5, 7, 1.03377, -2.76132, 7.21712
3.5, 7.25, 1.00924, -2.92309, 7.34458
3.5, 7.5, 0.917386, -2.86365, 7.83351
3.5, 7.75, 0.912164, -3.05277, 7.89494
3.5, 8, 0.94518, -3.37613, 7.73861
3.75, 0, 0.732439, 3.43592, 7.73889
3.75, 0.25, 0.706511, 3.10894, 7.89562
3.75, 0.5, 0.710869, 2.92149, 7.8328
3.75, 0.75, 0.774868, 2.95928, 7.38175
3.75, 1, 0.801045, 2.82642, 7.21638
3.75, 1.25, 0.813668, 2.63446, 7.12759
3.75, 1.5, 0.826695, 2.43634, 7.04227
3.75, 1.75, 0.877373, 2.33067, 6.82177
3.75, 2, 0.940896, 2.22593, 6.63962
3.75, 2.25, 0, 0, -1
3.75, 2.5, 0, 0, -1
3.75, 2.75, 0, 0, -1
3.75, 3, 0, 0, -1
3.75, 3.25, 0, 0, -1
3.75, 3.5, 0, 0, -1
3.75, 3.75, 0, 0, -1
3.75, 4, 0, 0, -1
3.75, 4.25, 0, 0, -1
3.75, 4.5, 0, 0, -1
3.75, 4.75, 0, 0, -1
3.75, 5, 0, 0, -1
3.75, 5.25, 0, 0, -1
3.75, 5.5, 0, 0, -1
3.75, 5.75, 0, 0, -1
3.75, 6, 0.960627, -2.1949, 6.58187
3.75, 6.25, 0.89294, -2.29979, 6.77732
3.75, 6.5, 0.84038, -2.40869, 6.97357
3.75, 6.75, 0.812026, -2.56345, 7.12634
3.75, 7, 0.806791, -2.78143, 7.17844
3.75, 7.25, 0.780585, -2.91797, 7.34289
3.75, 7.5, 0.726476, -2.92686, 7.71044
3.75, 7.75, 0.711114, -3.07167, 7.85305
3.75, 8, 0.731106, -3.37053, 7.73732
4, 0, 0.515082, 3.40641, 7.77788
4, 0.25, 0.504631, 3.13051, 7.85298
4, 0.5, 0.507368, 2.93958, 7.79142
4, 0.75, 0.560926, 3.02004, 7.29322
4, 1, 0.572457, 2.84755, 7.17914
4, 1.25, 0.575911, 2.62874, 7.12715
4, 1.5, 0.59628, 2.47737, 6.97332
4, 1.75, 0.634623, 2.37663, 6.75765
4, 2, 0.685589, 2.28656, 6.55775
4, 2.25, 0, 0, -1
4, 2.5, 0, 0, -1
4, 2.75, 0, 0, -1
4, 3, 0, 0, -1
4, 3.25, 0, 0, -1
4, 3.5, 0, 0, -1
4, 3.75, 0, 0, -1
4, 4, 0, 0, -1
4, 4.25, 0, 0, -1
4, 4.5, 0, 0, -1
4, 4.75, 0, 0, -1
4, 5, 0, 0, -1
4, 5.25, 0, 0, -1
4, 5.5, 0, 0, -1
4, 5.75, 0, 0, -1
4, 6, 0, 0, -1
4, 6.25, 0.64863, -2.35511, 6.71067
4, 6.5, 0.605581, -2.44695, 6.92576
4, 6.75, 0.574737, -2.55783, 7.12531
4, 7, 0.578706, -2.81263, 7.13048
4, 7.25, 0.564673, -2.97581, 7.25511
4, 7.5, 0.514731, -2.92354, 7.70927
4, 7.75, 0.496384, -3.02274, 7.93374
4, 8, 0.506526, -3.29206, 7.85703
4.25, 0, 0.306058, 3.42927, 7.73704
4.25, 0.25, 0.299936, 3.15245, 7.81188
4.25, 0.5, 0.301695, 2.96148, 7.75022
4.25, 0.75, 0.333675, 3.04375, 7.25539
4.25, 1, 0.341872, 2.88118, 7.13162
4.25, 1.25, 0.342798, 2.65099, 7.09076
4.25, 1.5, 0.356212, 2.50742, 6.92971
4.25, 1.75, 0.380628, 2.41503, 6.7163
4.25, 2, 0, 0, -1
4.25, 2.25, 0, 0, -1
4.25, 2.5, 0, 0, -1
4.25, 2.75, 0, 0, -1
4.25, 3, 0, 0, -1
4.25, 3.25, 0, 0, -1
4.25, 3.5, 0, 0, -1
4.25, 3.75, 0, 0, -1
4.25, 4, 0, 0, -1
4.25, 4.25, 0, 0, -1
4.25, 4.5, 0, 0, -1
4.25, 4.75, 0, 0, -1
4.25, 5, 0, 0, -1
4.25, 5.25, 0, 0, -1
4.25, 5.5, 0, 0, -1
4.25, 5.75, 0, 0, -1
4.25, 6, 0, 0, -1
4.25, 6.25, 0.388689, -2.39108, 6.65481
4.25, 6.5, 0.362137, -2.47915, 6.88282
4.25, 6.75, 0.340406, -2.56671, 7.11327
4.25, 7, 0.335107, -2.75941, 7.20059
4.25, 7.25, 0.330066, -2.94704, 7.29089
4.25, 7.5, 0.308232, -2.96608, 7.62899
4.25, 7.75, 0.292755, -3.0204, 7.93312
4.25, 8, 0.300944, -3.31381, 7.81668
4.5, 0, 0.0935832, 3.42951, 7.73618
4.5, 0.25, 0.0889659, 3.05829, 7.97635
4.5, 0.5, 0.0922021, 2.96017, 7.74937
4.5, 0.75, 0.101052, 3.01485, 7.29251
4.5, 1, 0.103518, 2.85336, 7.16601
4.5, 1.25, 0.102956, 2.60409, 7.15936
4.5, 1.5, 0.10991, 2.53042, 6.89707
4.5, 1.75, 0.117199, 2.43212, 6.68908
4.5, 2, 0.127704, 2.36013, 6.49388
4.5, 2.25, 0, 0, -1
4.5, 2.5, 0, 0, -1
4.5, 2.75, 0, 0, -1
4.5, 3, 0, 0, -1
4.5, 3.25, 0, 0, -1
4.5, 3.5, 0, 0, -1
4.5, 3.75, 0, 0, -1
4.5, 4, 0, 0, -1
4.5, 4.25, 0, 0, -1
4.5, 4.5, 0, 0, -1
4.5, 4.75, 0, 0, -1
4.5, 5, 0, 0, -1
4.5, 5.25, 0, 0, -1
4.5, 5.5, 0, 0, -1
4.5, 5.75, 0, 0, -1
4.5, 6, 0, 0, -1
4.5, 6.25, 0.120038, -2.41517, 6.64296
4.5, 6.5, 0.111322, -2.49257, 6.85422
4.5, 6.75, 0.104973, -2.58877, 7.07798
4.5, 7, 0.10333, -2.78289, 7.16449
4.5, 7.25, 0.102703, -2.99921, 7.2172
4.5, 7.5, 0.0934759, -2.94199, 7.66802
4.5, 7.75, 0.0907963, -3.06383, 7.85128
4.5, 8, 0.0919788, -3.31258, 7.8158
