6, 0, -3.66309, 3.48866, 6.35382
6, 0.25, -3.12591, 2.79099, 7.30448
6, 0.5, -3.62195, 3.01829, 6.39215
6, 0.75, -3.67856, 2.84651, 6.29786
6, 1, -3.64307, 2.60219, 6.34026
6, 1.25, -3.70208, 2.42398, 6.24575
6, 1.5, -3.63325, 2.16265, 6.3352
6, 1.75, -3.66187, 1.96172, 6.28643
6, 2, -3.65755, 1.74169, 6.28543
6, 2.25, -3.57878, 1.49116, 6.38801
6, 2.5, -3.6062, 1.28793, 6.3399
6, 2.75, -3.6041, 1.07265, 6.3389
6, 3, -3.4289, 0.816404, 6.61515
6, 5, -3.4289, -0.816404, 6.61515
6, 5.25, -3.6041, -1.07265, 6.3389
6, 5.5, -3.6062, -1.28793, 6.3399
6, 5.75, -3.57878, -1.49116, 6.38801
6, 6, -3.65755, -1.74169, 6.28543
6, 6.25, -3.66187, -1.96172, 6.28643
6, 6.5, -3.63325, -2.16265, 6.3352
6, 6.75, -3.70208, -2.42398, 6.24575
6, 7, -3.64307, -2.60219, 6.34026
6, 7.25, -3.67856, -2.84651, 6.29786
6, 7.5, -3.62195, -3.01829, 6.39215
6, 7.75, -3.12591, -2.79099, 7.30448
6, 8, -3.66309, -3.48866, 6.35382
6.25, 0, -3.86655, 3.47555, 6.41767
6.25, 0.25, -3.76483, 3.17261, 6.55264
6.25, 0.5, -3.82331, 3.0071, 6.45554
6.25, 0.75, -3.75446, 2.74202, 6.54613
6.25, 1, -3.70622, 2.49858, 6.6026
6.25, 1.25, -3.77618, 2.3336, 6.49359
6.25, 1.5, -3.79019, 2.12932, 6.45819
6.25, 1.75, -3.83165, 1.93735, 6.39654
6.25, 2, -3.89444, 1.75031, 6.30237
6.25, 2.25, -3.77859, 1.48596, 6.45209
6.25, 2.5, -3.7768, 1.27308, 6.44988
6.25, 2.75, -3.77374, 1.06004, 6.4495
6.25, 3, -3.74137, 0.840758, 6.49365
6.25, 3.25, -2.30911, 0.389175, 12.0654
6.25, 3.5, -2.31586, 0.260209, 12.0061
6.25, 3.75, -2.32083, 0.130384, 11.9385
6.25, 4, -2.3207, 2.84204e-16, 11.939
6.25, 4.25, -2.32083, -0.130384, 11.9385
6.25, 4.5, -2.31586, -0.260209, 12.0061
6.25, 4.75, -2.30911, -0.389175, 12.0654
6.25, 5, -3.74137, -0.840758, 6.49365
6.25, 5.25, -3.77374, -1.06004, 6.4495
6.25, 5.5, -3.7768, -1.27308, 6.44988
6.25, 5.75, -3.77859, -1.48596, 6.45209
6.25, 6, -3.89444, -1.75031, 6.30237
6.25, 6.25, -3.83165, -1.93735, 6.39654
6.25, 6.5, -3.79019, -2.12932, 6.45819
6.25, 6.75, -3.77618, -2.3336, 6.49359
6.25, 7, -3.70622, -2.49858, 6.6026
6.25, 7.25, -3.75446, -2.74202, 6.54613
6.25, 7.5, -3.82331, -3.0071, 6.45554
6.25, 7.75, -3.76483, -3.17261, 6.55264
6.25, 8, -3.86655, -3.47555, 6.41767
6.5, 0, -3.96698, 3.37615, 6.62
6.5, 0.25, -3.99283, 3.18577, 6.57088
6.5, 0.5, -3.92291, 2.92132, 6.66083
6.5, 0.75, -3.81203, 2.63598, 6.81349
6.5, 1, -3.914, 2.4983, 6.65382
6.5, 1.25, -3.4952, 2.04506, 7.35516
6.5, 1.5, -3.51612, 1.87027, 7.29985
6.5, 1.75, -3.88632, 1.86047, 6.66203
6.5, 2, -3.96168, 1.68582, 6.55107
6.5, 2.25, -3.99059, 1.48586, 6.50391
6.5, 2.5, -3.95598, 1.26255, 6.54808
6.5, 2.75, -3.985, 1.05984, 6.50043
6.5, 3, -4.0173, 0.854744, 6.45233
6.5, 3.25, -2.50478, 0.399699, 11.7027
6.5, 3.5, -2.49585, 0.265516, 11.7597
6.5, 3.75, -2.50595, 0.133295, 11.701
6.5, 4, -2.50574, 3.06864e-16, 11.7014
6.5, 4.25, -2.50595, -0.133295, 11.701
6.5, 4.5, -2.49585, -0.265516, 11.7597
6.5, 4.75, -2.50478, -0.399699, 11.7027
6.5, 5, -4.0173, -0.854744, 6.45233
6.5, 5.25, -3.985, -1.05984, 6.50043
6.5, 5.5, -3.95598, -1.26255, 6.54808
6.5, 5.75, -3.99059, -1.48586, 6.50391
6.5, 6, -3.96168, -1.68582, 6.55107
6.5, 6.25, -3.88632, -1.86047, 6.66203
6.5, 6.5, -3.51612, -1.87027, 7.29985
6.5, 6.75, -3.4952, -2.04506, 7.35516
6.5, 7, -3.914, -2.4983, 6.65382
6.5, 7.25, -3.81203, -2.63598, 6.81349
6.5, 7.5, -3.92291, -2.92132, 6.66083
6.5, 7.75, -3.99283, -3.18577, 6.57088
6.5, 8, -3.96698, -3.37615, 6.62
6.75, 0, -4.12662, 3.33464, 6.73343
6.75, 0.25, -4.15381, 3.14683, 6.68318
6.75, 0.5, -4.08169, 2.88605, 6.77457
6.75, 0.75, -4.04454, 2.65551, 6.81806
6.75, 1, -3.90414, 2.36615, 7.02072
6.75, 1.25, -3.96042, 2.20024, 6.92245
6.75, 1.5, -3.86718, 1.95312, 7.06356
6.75, 1.75, -3.80857, 1.73117, 7.15739
6.75, 2, -3.63564, 1.46895, 7.4637
6.75, 2.25, -3.88612, 1.37388, 7.00968
6.75, 2.5, -3.73328, 1.1313, 7.26528
6.75, 2.75, -4.07962, 1.03021, 6.70734
6.75, 3, -4.11139, 0.830583, 6.65859
6.75, 3.25, -2.76129, 0.418377, 10.9799
6.75, 3.5, -2.82569, 0.285423, 10.574
6.75, 3.75, -2.78199, 0.140504, 10.8665
6.75, 4, -2.77212, 3.39487e-16, 10.9227
6.75, 4.25, -2.78199, -0.140504, 10.8665
6.75, 4.5, -2.82569, -0.285423, 10.574
6.75, 4.75, -2.76129, -0.418377, 10.9799
6.75, 5, -2.76169, -0.557918, 10.9802
6.75, 5.25, -4.07962, -1.03021, 6.70734
6.75, 5.5, -3.73328, -1.1313, 7.26528
6.75, 5.75, -3.88612, -1.37388, 7.00968
6.75, 6, -3.63564, -1.46895, 7.4637
6.75, 6.25, -3.80857, -1.73117, 7.15739
6.75, 6.5, -3.86718, -1.95312, 7.06356
6.75, 6.75, -3.96042, -2.20024, 6.92245
6.75, 7, -3.90414, -2.36615, 7.02072
6.75, 7.25, -4.04454, -2.65551, 6.81806
6.75, 7.5, -4.08169, -2.88605, 6.77457
6.75, 7.75, -4.15381, -3.14683, 6.68318
6.75, 8, -4.12662, -3.33464, 6.73343
7, 0, -4.24667, 3.26667, 6.89585
7, 0.25, -4.30762, 3.10646, 6.79769
7, 0.5, -4.26865, 2.87313, 6.84208
7, 0.75, -4.26303, 2.66439, 6.83876
7, 1, -4.16233, 2.40134, 6.97792
7, 1.25, -4.25348, 2.24944, 6.8332
7, 1.5, -4.12155, 1.98151, 7.02106
7, 1.75, -3.9578, 1.71251, 7.27524
7, 2, -4.14569, 1.5945, 6.9695
7, 2.25, -4.00912, 1.34922, 7.17519
7, 2.5, -3.92038, 1.13088, 7.3194
7, 2.75, -3.91983, 0.942267, 7.31791
7, 3, -3.08606, 0.593473, 10.0525
7, 3.25, -3.08502, 0.444955, 10.0518
7, 3.5, -3.10616, 0.298669, 9.93676
7, 3.75, -3.07616, 0.147892, 10.1121
7, 4, -3.08561, 3.77878e-16, 10.0504
7, 4.25, -3.07616, -0.147892, 10.1121
7, 4.5, -3.10616, -0.298669, 9.93676
7, 4.75, -3.08502, -0.444955, 10.0518
7, 5, -3.08606, -0.593473, 10.0525
7, 5.25, -3.91983, -0.942267, 7.31791
7, 5.5, -3.92038, -1.13088, 7.3194
7, 5.75, -4.00912, -1.34922, 7.17519
7, 6, -4.14569, -1.5945, 6.9695
7, 6.25, -3.9578, -1.71251, 7.27524
7, 6.5, -4.12155, -1.98151, 7.02106
7, 6.75, -4.25348, -2.24944, 6.8332
7, 7, -4.16233, -2.40134, 6.97792
7, 7.25, -4.26303, -2.66439, 6.83876
7, 7.5, -4.26865, -2.87313, 6.84208
7, 7.75, -4.30762, -3.10646, 6.79769
7, 8, -4.24667, -3.26667, 6.89585
7.25, 0, -4.20614, 3.08707, 7.30101
7.25, 0.25, -4.42507, 3.04477, 6.96049
7.25, 0.5, -4.38591, 2.81664, 7.00507
7.25, 0.75, -4.41415, 2.63229, 6.95436
7.25, 1, -4.40925, 2.42711, 6.9515
7.25, 1.25, -4.40434, 2.22238, 6.94838
7.25, 1.5, -4.40021, 2.01844, 6.94645
7.25, 1.75, -4.2985, 1.77461, 7.08741
7.25, 2, -4.29402, 1.57579, 7.08624
7.25, 2.25, -4.19848, 1.34814, 7.22956
7.25, 2.5, -4.19573, 1.15479, 7.22817
7.25, 2.75, -4.19477, 0.962103, 7.22621
7.25, 3, -3.3643, 0.617303, 9.5488
7.25, 3.25, -3.38678, 0.46607, 9.43841
7.25, 3.5, -3.36297, 0.308529, 9.54748
7.25, 3.75, -3.37023, 0.154598, 9.48938
7.25, 4, -3.38574, 4.14633e-16, 9.43736
7.25, 4.25, -3.37023, -0.154598, 9.48938
7.25, 4.5, -3.36297, -0.308529, 9.54748
7.25, 4.75, -3.38678, -0.46607, 9.43841
7.25, 5, -3.3643, -0.617303, 9.5488
7.25, 5.25, -4.19477, -0.962103, 7.22621
7.25, 5.5, -4.19573, -1.15479, 7.22817
7.25, 5.75, -4.19848, -1.34814, 7.22956
7.25, 6, -4.29402, -1.57579, 7.08624
7.25, 6.25, -4.2985, -1.77461, 7.08741
7.25, 6.5, -4.40021, -2.01844, 6.94645
7.25, 6.75, -4.40434, -2.22238, 6.94838
7.25, 7, -4.40925, -2.42711, 6.9515
7.25, 7.25, -4.41415, -2.63229, 6.95436
7.25, 7.5, -4.38591, -2.81664, 7.00507
7.25, 7.75, -4.42507, -3.04477, 6.96049
7.25, 8, -4.20614, -3.08707, 7.30101
7.5, 0, -4.47531, 3.14057, 7.22621
7.5, 0.25, -4.19862, 2.76225, 7.66244
7.5, 0.5, -3.97135, 2.43855, 8.08206
7.5, 0.75, -4.49259, 2.56156, 7.16761
7.5, 1, -4.51979, 2.37884, 7.11742
7.5, 1.25, -4.58424, 2.21169, 7.01855
7.5, 1.5, -4.59479, 2.01526, 7.00022
7.5, 1.75, -4.62697, 1.82644, 6.95002
7.5, 2, -4.62347, 1.62227, 6.94784
7.5, 2.25, -4.53407, 1.39204, 7.05906
7.5, 2.5, -4.53238, 1.19273, 7.05678
7.5, 2.75, -4.52875, 0.993148, 7.05593
7.5, 3, -3.64597, 0.639643, 9.11892
7.5, 3.25, -3.63113, 0.47778, 9.16725
7.5, 3.5, -3.64427, 0.319673, 9.11761
7.5, 3.75, -3.64531, 0.159882, 9.11668
7.5, 4, -3.64506, 4.46391e-16, 9.11663
7.5, 4.25, -3.64531, -0.159882, 9.11668
7.5, 4.5, -3.64427, -0.319673, 9.11761
7.5, 4.75, -3.63113, -0.47778, 9.16725
7.5, 5, -3.64597, -0.639643, 9.11892
7.5, 5.25, -4.52875, -0.993148, 7.05593
7.5, 5.5, -4.53238, -1.19273, 7.05678
7.5, 5.75, -4.53407, -1.39204, 7.05906
7.5, 6, -4.62347, -1.62227, 6.94784
7.5, 6.25, -4.62697, -1.82644, 6.95002
7.5, 6.5, -4.59479, -2.01526, 7.00022
7.5, 6.75, -4.58424, -2.21169, 7.01855
7.5, 7, -4.51979, -2.37884, 7.11742
7.5, 7.25, -4.49259, -2.56156, 7.16761
7.5, 7.5, -3.97135, -2.43855, 8.08206
7.5, 7.75, -4.19862, -2.76225, 7.66244
7.5, 8, -4.47531, -3.14057, 7.22621
7.75, 0, -4.70004, 3.15969, 7.23152
7.75, 0.25, -4.39283, 2.76859, 7.68694
7.75, 0.5, -4.19181, 2.46577, 8.03317
7.75, 0.75, -4.26926, 2.33195, 7.87936
7.75, 1, -4.14723, 2.09104, 8.09583
7.75, 1.25, -4.28898, 1.9823, 7.82455
7.75, 1.5, -4.7022, 1.97571, 7.16651
7.75, 1.75, -4.73302, 1.7898, 7.11611
7.75, 2, -4.69472, 1.57806, 7.16237
7.75, 2.25, -4.65895, 1.37028, 7.20868
7.75, 2.5, -4.68868, 1.18202, 7.15924
7.75, 2.75, -4.72131, 0.991873, 7.11018
7.75, 3, -3.85124, 0.647267, 9.00397
7.75, 3.25, -3.86641, 0.487363, 8.95466
7.75, 3.5, -3.86433, 0.324734, 8.95528
7.75, 3.75, -3.84889, 0.161718, 9.00192
7.75, 4, -3.84785, 4.71226e-16, 9.0021
7.75, 4.25, -3.84889, -0.161718, 9.00192
7.75, 4.5, -3.86433, -0.324734, 8.95528
7.75, 4.75, -3.86641, -0.487363, 8.95466
7.75, 5, -3.85124, -0.647267, 9.00397
7.75, 5.25, -3.85084, -0.809, 9.00503
7.75, 5.5, -4.68868, -1.18202, 7.15924
7.75, 5.75, -4.65895, -1.37028, 7.20868
7.75, 6, -4.69472, -1.57806, 7.16237
7.75, 6.25, -4.73302, -1.7898, 7.11611
7.75, 6.5, -4.7022, -1.97571, 7.16651
7.75, 6.75, -4.28898, -1.9823, 7.82455
7.75, 7, -4.14723, -2.09104, 8.09583
7.75, 7.25, -4.26926, -2.33195, 7.87936
7.75, 7.5, -4.19181, -2.46577, 8.03317
7.75, 7.75, -4.39283, -2.76859, 7.68694
7.75, 8, -4.70004, -3.15969, 7.23152
8, 0, -4.70419, 3.03496, 7.5467
8, 0.25, -4.79756, 2.90175, 7.39652
8, 0.5, -4.53757, 2.56153, 7.78843
8, 0.75, -4.5622, 2.39147, 7.73586
8, 1, -4.39855, 2.12833, 8.00127
8, 1.25, -4.52376, 2.00651, 7.78054
8, 1.5, -4.44887, 1.7939, 7.89577
8, 1.75, -4.22867, 1.5346, 8.2986
8, 2, -4.27747, 1.37983, 8.19447
8, 2.25, -4.79678, 1.35393, 7.32894
8, 2.5, -4.86178, 1.17624, 7.23062
8, 2.75, -4.82583, 0.97295, 7.27708
8, 3, -4.06519, 0.655675, 8.89916
8, 3.25, -4.07971, 0.493514, 8.85156
8, 3.5, -4.08067, 0.329086, 8.85078
8, 3.75, -4.06272, 0.163819, 8.89767
8, 4, -4.06084, 4.97309e-16, 8.89781
8, 4.25, -4.06272, -0.163819, 8.89767
8, 4.5, -4.08067, -0.329086, 8.85078
8, 4.75, -4.07971, -0.493514, 8.85156
8, 5, -4.06519, -0.655675, 8.89916
8, 5.25, -4.06499, -0.819555, 8.90089
8, 5.5, -4.86178, -1.17624, 7.23062
8, 5.75, -4.79678, -1.35393, 7.32894
8, 6, -4.27747, -1.37983, 8.19447
8, 6.25, -4.22867, -1.5346, 8.2986
8, 6.5, -4.44887, -1.7939, 7.89577
8, 6.75, -4.52376, -2.00651, 7.78054
8, 7, -4.39855, -2.12833, 8.00127
8, 7.25, -4.5622, -2.39147, 7.73586
8, 7.5, -4.53757, -2.56153, 7.78843
8, 7.75, -4.79756, -2.90175, 7.39652
8, 8, -4.70419, -3.03496, 7.5467
8.25, 0, -5.05965, 3.13776, 7.35716
8.25, 0.25, -4.94696, 2.87614, 7.50124
8.25, 0.5, -4.97682, 2.7006, 7.44829
8.25, 0.75, -4.75728, 2.39708, 7.7593
8.25, 1, -5.00199, 2.32651, 7.39412
8.25, 1.25, -4.7176, 2.01138, 7.80433
8.25, 1.5, -4.68307, 1.81514, 7.85191
8.25, 1.75, -4.58904, 1.60083, 8.00041
8.25, 2, -4.53078, 1.40489, 8.09894
8.25, 2.25, -4.52802, 1.22853, 8.09732
8.25, 2.5, -4.37735, 1.01799, 8.36922
8.25, 2.75, -4.4538, 0.863139, 8.2163
8.25, 3, -4.28143, 0.663788, 8.79886
8.25, 3.25, -4.28034, 0.497715, 8.79805
8.25, 3.5, -4.27814, 0.331639, 8.79827
8.25, 3.75, -4.25896, 0.165076, 8.84407
8.25, 4, -4.26051, 5.21762e-16, 8.84374
8.25, 4.25, -4.25896, -0.165076, 8.84407
8.25, 4.5, -4.27814, -0.331639, 8.79827
8.25, 4.75, -4.28034, -0.497715, 8.79805
8.25, 5, -4.28143, -0.663788, 8.79886
8.25, 5.25, -4.28257, -0.829955, 8.79931
8.25, 5.5, -4.37735, -1.01799, 8.36922
8.25, 5.75, -4.52802, -1.22853, 8.09732
8.25, 6, -4.53078, -1.40489, 8.09894
8.25, 6.25, -4.58904, -1.60083, 8.00041
8.25, 6.5, -4.68307, -1.81514, 7.85191
8.25, 6.75, -4.7176, -2.01138, 7.80433
8.25, 7, -5.00199, -2.32651, 7.39412
8.25, 7.25, -4.75728, -2.39708, 7.7593
8.25, 7.5, -4.97682, -2.7006, 7.44829
8.25, 7.75, -4.94696, -2.87614, 7.50124
8.25, 8, -5.05965, -3.13776, 7.35716
8.5, 0, -5.1914, 3.09934, 7.47911
8.5, 0.25, -5.14834, 2.88153, 7.52562
8.5, 0.5, -5.14353, 2.68692, 7.52177
8.5, 0.75, -5.00044, 2.42559, 7.71573
8.5, 1, -4.99558, 2.23683, 7.71302
8.5, 1.25, -5.092, 2.09, 7.5633
8.5, 1.5, -5.02043, 1.87329, 7.6588
8.5, 1.75, -4.79165, 1.60914, 8.00663
8.5, 2, -4.76015, 1.42094, 8.05465
8.5, 2.25, -4.81621, 1.25797, 7.95283
8.5, 2.5, -4.71126, 1.05476, 8.12144
8.5, 2.75, -4.48192, 0.836179, 8.74971
8.5, 3, -4.4788, 0.668478, 8.74915
8.5, 3.25, -4.45944, 0.499191, 8.79363
8.5, 3.5, -4.47853, 0.334219, 8.74763
8.5, 3.75, -4.4467, 0.165922, 8.78995
8.5, 4, -4.45717, 5.45845e-16, 8.79318
8.5, 4.25, -4.4467, -0.165922, 8.78995
8.5, 4.5, -4.47853, -0.334219, 8.74763
8.5, 4.75, -4.45944, -0.499191, 8.79363
8.5, 5, -4.4788, -0.668478, 8.74915
8.5, 5.25, -4.48192, -0.836179, 8.74971
8.5, 5.5, -4.71126, -1.05476, 8.12144
8.5, 5.75, -4.81621, -1.25797, 7.95283
8.5, 6, -4.76015, -1.42094, 8.05465
8.5, 6.25, -4.79165, -1.60914, 8.00663
8.5, 6.5, -5.02043, -1.87329, 7.6588
8.5, 6.75, -5.092, -2.09, 7.5633
8.5, 7, -4.99558, -2.23683, 7.71302
8.5, 7.25, -5.00044, -2.42559, 7.71573
8.5, 7.5, -5.14353, -2.68692, 7.52177
8.5, 7.75, -5.14834, -2.88153, 7.52562
8.5, 8, -5.1914, -3.09934, 7.47911
8.75, 0, -4.42574, 2.54719, 9.15975
8.75, 0.25, -5.29461, 2.8568, 7.62904
8.75, 0.5, -5.32543, 2.68187, 7.57715
8.75, 0.75, -5.21156, 2.43706, 7.72284
8.75, 1, -5.24147, 2.2625, 7.67084
8.75, 1.25, -5.20347, 2.05893, 7.71741
8.75, 1.5, -5.23411, 1.88277, 7.66569
8.75, 1.75, -5.23036, 1.69328, 7.66363
8.75, 2, -5.15777, 1.48425, 7.76083
8.75, 2.25, -5.03927, 1.26888, 7.92782
8.75, 2.5, -5.1169, 1.10437, 7.80845
8.75, 2.75, -4.67939, 0.841618, 8.70347
8.75, 3, -4.67909, 0.67325, 8.70245
8.75, 3.25, -4.67819, 0.504841, 8.70093
8.75, 3.5, -4.65754, 0.335075, 8.74542
8.75, 3.75, -4.65561, 0.167468, 8.74591
8.75, 4, -4.67675, 5.72737e-16, 8.70005
8.75, 4.25, -4.65561, -0.167468, 8.74591
8.75, 4.5, -4.65754, -0.335075, 8.74542
8.75, 4.75, -4.67819, -0.504841, 8.70093
8.75, 5, -4.67909, -0.67325, 8.70245
8.75, 5.25, -4.67939, -0.841618, 8.70347
8.75, 5.5, -5.1169, -1.10437, 7.80845
8.75, 5.75, -5.03927, -1.26888, 7.92782
8.75, 6, -5.15777, -1.48425, 7.76083
8.75, 6.25, -5.23036, -1.69328, 7.66363
8.75, 6.5, -5.23411, -1.88277, 7.66569
8.75, 6.75, -5.20347, -2.05893, 7.71741
8.75, 7, -5.24147, -2.2625, 7.67084
8.75, 7.25, -5.21156, -2.43706, 7.72284
8.75, 7.5, -5.32543, -2.68187, 7.57715
8.75, 7.75, -5.29461, -2.8568, 7.62904
8.75, 8, -4.42574, -2.54719, 9.15975
9, 0, -4.93921, 2.74401, 8.51335
9, 0.25, -4.72799, 2.4625, 8.89286
9, 0.5, -4.5953, 2.23383, 9.1602
9, 0.75, -5.40873, 2.44144, 7.74729
9, 1, -5.47595, 2.28165, 7.64704
9, 1.25, -5.43432, 2.07561, 7.69398
9, 1.5, -5.43116, 1.88582, 7.69078
9, 1.75, -5.42603, 1.69563, 7.6897
9, 2, -5.42224, 1.50618, 7.68743
9, 2.25, -5.41905, 1.31713, 7.68581
9, 2.5, -5.34482, 1.11351, 7.78369
9, 2.75, -4.85753, 0.843321, 8.70468
9, 3, -4.85777, 0.67469, 8.70336
9, 3.25, -4.85505, 0.505734, 8.70292
9, 3.5, -4.85555, 0.337191, 8.70166
9, 3.75, -4.85549, 0.168593, 8.70178
9, 4, -4.85373, 5.94411e-16, 8.70251
9, 4.25, -4.85549, -0.168593, 8.70178
9, 4.5, -4.85555, -0.337191, 8.70166
9, 4.75, -4.85505, -0.505734, 8.70292
9, 5, -4.85777, -0.67469, 8.70336
9, 5.25, -4.85753, -0.843321, 8.70468
9, 5.5, -4.83941, -1.00821, 8.75052
9, 5.75, -5.41905, -1.31713, 7.68581
9, 6, -5.42224, -1.50618, 7.68743
9, 6.25, -5.42603, -1.69563, 7.6897
9, 6.5, -5.43116, -1.88582, 7.69078
9, 6.75, -5.43432, -2.07561, 7.69398
9, 7, -5.47595, -2.28165, 7.64704
9, 7.25, -5.40873, -2.44144, 7.74729
9, 7.5, -4.5953, -2.23383, 9.1602
9, 7.75, -4.72799, -2.4625, 8.89286
9, 8, -4.93921, -2.74401, 8.51335
9.25, 0, -5.05913, 2.71631, 8.64426
9.25, 0.25, -5.02596, 2.52985, 8.69155
9.25, 0.5, -5.07768, 2.38549, 8.58639
9.25, 0.75, -4.90533, 2.13991, 8.89402
9.25, 1, -4.73144, 1.90528, 9.22846
9.25, 1.25, -4.75425, 1.75493, 9.17243
9.25, 1.5, -5.60895, 1.8822, 7.74692
9.25, 1.75, -5.56773, 1.68153, 7.79478
9.25, 2, -5.49025, 1.47389, 7.89317
9.25, 2.25, -5.56127, 1.30634, 7.79128
9.25, 2.5, -5.52055, 1.11152, 7.84012
9.25, 2.75, -5.03428, 0.844677, 8.70829
9.25, 3, -5.03447, 0.675768, 8.70709
9.25, 3.25, -5.01271, 0.504635, 8.74986
9.25, 3.5, -5.03087, 0.337642, 8.70611
9.25, 3.75, -5.03037, 0.168804, 8.70582
9.25, 4, -5.03179, 6.16217e-16, 8.70528
9.25, 4.25, -5.03037, -0.168804, 8.70582
9.25, 4.5, -5.03087, -0.337642, 8.70611
9.25, 4.75, -5.01271, -0.504635, 8.74986
9.25, 5, -5.03447, -0.675768, 8.70709
9.25, 5.25, -5.03428, -0.844677, 8.70829
9.25, 5.5, -5.03619, -1.014, 8.70937
9.25, 5.75, -5.56127, -1.30634, 7.79128
9.25, 6, -5.49025, -1.47389, 7.89317
9.25, 6.25, -5.56773, -1.68153, 7.79478
9.25, 6.5, -5.60895, -1.8822, 7.74692
9.25, 6.75, -4.75425, -1.75493, 9.17243
9.25, 7, -4.73144, -1.90528, 9.22846
9.25, 7.25, -4.90533, -2.13991, 8.89402
9.25, 7.5, -5.07768, -2.38549, 8.58639
9.25, 7.75, -5.02596, -2.52985, 8.69155
9.25, 8, -5.05913, -2.71631, 8.64426
9.5, 0, -5.59609, 2.90706, 8.12007
9.5, 0.25, -5.30901, 2.58556, 8.54411
9.5, 0.5, -5.24189, 2.38268, 8.6439
9.5, 0.75, -5.20667, 2.19762, 8.69381
9.5, 1, -5.23179, 2.03836, 8.63929
9.5, 1.25, -5.16837, 1.84584, 8.74031
9.5, 1.5, -5.01167, 1.62717, 9.01959
9.5, 1.75, -4.92893, 1.44027, 9.1755
9.5, 2, -4.92461, 1.27912, 9.17417
9.5, 2.25, -5.02884, 1.14292, 8.96233
9.5, 2.5, -5.77121, 1.12426, 7.79634
9.5, 2.75, -5.22327, 0.847934, 8.71462
9.5, 3, -5.22322, 0.67834, 8.71288
9.5, 3.25, -5.22137, 0.508575, 8.71317
9.5, 3.5, -5.22, 0.338961, 8.71292
9.5, 3.75, -5.22052, 0.169497, 8.71139
9.5, 4, -5.2188, 6.39119e-16, 8.71215
9.5, 4.25, -5.22052, -0.169497, 8.71139
9.5, 4.5, -5.22, -0.338961, 8.71292
9.5, 4.75, -5.22137, -0.508575, 8.71317
9.5, 5, -5.22322, -0.67834, 8.71288
9.5, 5.25, -5.22327, -0.847934, 8.71462
9.5, 5.5, -5.22664, -1.01818, 8.71541
9.5, 5.75, -5.02884, -1.14292, 8.96233
9.5, 6, -4.92461, -1.27912, 9.17417
9.5, 6.25, -4.92893, -1.44027, 9.1755
9.5, 6.5, -5.01167, -1.62717, 9.01959
9.5, 6.75, -5.16837, -1.84584, 8.74031
9.5, 7, -5.23179, -2.03836, 8.63929
9.5, 7.25, -5.20667, -2.19762, 8.69381
9.5, 7.5, -5.24189, -2.38268, 8.6439
9.5, 7.75, -5.30901, -2.58556, 8.54411
9.5, 8, -5.59609, -2.90706, 8.12007
9.75, 0, -5.67694, 2.85632, 8.29924
9.75, 0.25, -5.67102, 2.67501, 8.29602
9.75, 0.5, -5.59718, 2.46417, 8.39536
9.75, 0.75, -5.76645, 2.35735, 8.1383
9.75, 1, -5.48867, 2.0712, 8.54313
9.75, 1.25, -5.28496, 1.82813, 8.87207
9.75, 1.5, -5.34083, 1.67951, 8.76641
9.75, 1.75, -5.27971, 1.49426, 8.86748
9.75, 2, -5.2474, 1.3201, 8.9175
9.75, 2.25, -5.18799, 1.14201, 9.02109
9.75, 2.5, -5.40036, 1.01894, 8.72361
9.75, 2.75, -5.39689, 0.848567, 8.72277
9.75, 3, -5.39538, 0.678664, 8.72188
9.75, 3.25, -5.39427, 0.508893, 8.72177
9.75, 3.5, -5.3949, 0.339302, 8.7204
9.75, 3.75, -5.39258, 0.169578, 8.72043
9.75, 4, -5.39255, 6.60397e-16, 8.72024
9.75, 4.25, -5.39258, -0.169578, 8.72043
9.75, 4.5, -5.3949, -0.339302, 8.7204
9.75, 4.75, -5.39427, -0.508893, 8.72177
9.75, 5, -5.39538, -0.678664, 8.72188
9.75, 5.25, -5.39689, -0.848567, 8.72277
9.75, 5.5, -5.40036, -1.01894, 8.72361
9.75, 5.75, -5.18799, -1.14201, 9.02109
9.75, 6, -5.2474, -1.3201, 8.9175
9.75, 6.25, -5.27971, -1.49426, 8.86748
9.75, 6.5, -5.34083, -1.67951, 8.76641
9.75, 6.75, -5.28496, -1.82813, 8.87207
9.75, 7, -5.48867, -2.0712, 8.54313
9.75, 7.25, -5.76645, -2.35735, 8.1383
9.75, 7.5, -5.59718, -2.46417, 8.39536
9.75, 7.75, -5.67102, -2.67501, 8.29602
9.75, 8, -5.67694, -2.85632, 8.29924
10, 0, -6.06773, 2.95987, 8.05388
10, 0.25, -5.91212, 2.70371, 8.25155
10, 0.5, -5.83271, 2.48957, 8.35105
10, 0.75, -5.72512, 2.2691, 8.50098
10, 1, -5.65375, 2.06844, 8.60118
10, 1.25, -5.6824, 1.90568, 8.54682
10, 1.5, -5.77906, 1.76191, 8.39208
10, 1.75, -5.55994, 1.52559, 8.71927
10, 2, -5.63733, 1.37496, 8.59383
10, 2.25, -5.49203, 1.17208, 8.82009
10, 2.5, -5.58591, 1.02181, 8.73419
10, 2.75, -5.58537, 0.851429, 8.73214
10, 3, -5.58393, 0.680967, 8.73118
10, 3.25, -5.58143, 0.510497, 8.73132
10, 3.5, -5.58032, 0.340263, 8.73085
10, 3.75, -5.57967, 0.170112, 8.73015
10, 4, -5.5812, 6.835e-16, 8.7295
10, 4.25, -5.57967, -0.170112, 8.73015
10, 4.5, -5.58032, -0.340263, 8.73085
10, 4.75, -5.58143, -0.510497, 8.73132
10, 5, -5.58393, -0.680967, 8.73118
10, 5.25, -5.58537, -0.851429, 8.73214
10, 5.5, -5.58591, -1.02181, 8.73419
10, 5.75, -5.49203, -1.17208, 8.82009
10, 6, -5.63733, -1.37496, 8.59383
10, 6.25, -5.55994, -1.52559, 8.71927
10, 6.5, -5.77906, -1.76191, 8.39208
10, 6.75, -5.6824, -1.90568, 8.54682
10, 7, -5.65375, -2.06844, 8.60118
10, 7.25, -5.72512, -2.2691, 8.50098
10, 7.5, -5.83271, -2.48957, 8.35105
10, 7.75, -5.91212, -2.70371, 8.25155
10, 8, -6.06773, -2.95987, 8.05388
10.25, 0, -6.04751, 2.86273, 8.36433
10.25, 0.25, -6.07837, 2.6975, 8.31045
10.25, 0.5, -6.11191, 2.53156, 8.25584
10.25, 0.75, -6.1427, 2.36258, 8.20326
10.25, 1, -6.02551, 2.13923, 8.35287
10.25, 1.25, -6.095, 1.98358, 8.24901
10.25, 1.5, -5.92876, 1.75407, 8.47048
10.25, 1.75, -5.92343, 1.57724, 8.46908
10.25, 2, -5.99242, 1.41832, 8.36449
10.25, 2.25, -5.78046, 1.19714, 8.67141
10.25, 2.5, -5.73519, 1.01808, 8.78717
10.25, 2.75, -5.77018, 0.853577, 8.74366
10.25, 3, -5.73173, 0.678312, 8.78517
10.25, 3.25, -5.73048, 0.508623, 8.78437
10.25, 3.5, -5.76619, 0.341194, 8.74155
10.25, 3.75, -5.72932, 0.169506, 8.784
10.25, 4, -5.72741, 7.01405e-16, 8.78453
10.25, 4.25, -5.72932, -0.169506, 8.784
10.25, 4.5, -5.76619, -0.341194, 8.74155
10.25, 4.75, -5.73048, -0.508623, 8.78437
10.25, 5, -5.73173, -0.678312, 8.78517
10.25, 5.25, -5.77018, -0.853577, 8.74366
10.25, 5.5, -5.73519, -1.01808, 8.78717
10.25, 5.75, -5.73758, -1.18826, 8.78886
10.25, 6, -5.99242, -1.41832, 8.36449
10.25, 6.25, -5.92343, -1.57724, 8.46908
10.25, 6.5, -5.92876, -1.75407, 8.47048
10.25, 6.75, -6.095, -1.98358, 8.24901
10.25, 7, -6.02551, -2.13923, 8.35287
10.25, 7.25, -6.1427, -2.36258, 8.20326
10.25, 7.5, -6.11191, -2.53156, 8.25584
10.25, 7.75, -6.07837, -2.6975, 8.31045
10.25, 8, -6.04751, -2.86273, 8.36433
10.5, 0, -5.42132, 2.49256, 9.72305
10.5, 0.25, -5.33611, 2.30005, 9.88261
10.5, 0.5, -6.2593, 2.51811, 8.33492
10.5, 0.75, -6.2159, 2.32203, 8.38309
10.5, 1, -6.28718, 2.16799, 8.27902
10.5, 1.25, -6.32225, 1.99841, 8.22533
10.5, 1.5, -6.20369, 1.78267, 8.37558
10.5, 1.75, -6.23612, 1.61279, 8.3238
10.5, 2, -6.159, 1.41586, 8.42308
10.5, 2.25, -6.23052, 1.25327, 8.3191
10.5, 2.5, -5.91945, 1.02059, 8.79981
10.5, 2.75, -5.91581, 0.849973, 8.79987
10.5, 3, -5.91444, 0.679821, 8.79888
10.5, 3.25, -5.91302, 0.509743, 8.79817
10.5, 3.5, -5.91378, 0.339872, 8.79659
10.5, 3.75, -5.91173, 0.169877, 8.79727
10.5, 4, -5.9131, 7.24146e-16, 8.79621
10.5, 4.25, -5.91173, -0.169877, 8.79727
10.5, 4.5, -5.91378, -0.339872, 8.79659
10.5, 4.75, -5.91302, -0.509743, 8.79817
10.5, 5, -5.91444, -0.679821, 8.79888
10.5, 5.25, -5.91581, -0.849973, 8.79987
10.5, 5.5, -5.91945, -1.02059, 8.79981
10.5, 5.75, -5.9219, -1.19119, 8.80168
10.5, 6, -6.159, -1.41586, 8.42308
10.5, 6.25, -6.23612, -1.61279, 8.3238
10.5, 6.5, -6.20369, -1.78267, 8.37558
10.5, 6.75, -6.32225, -1.99841, 8.22533
10.5, 7, -6.28718, -2.16799, 8.27902
10.5, 7.25, -6.2159, -2.32203, 8.38309
10.5, 7.5, -6.2593, -2.51811, 8.33492
10.5, 7.75, -5.33611, -2.30005, 9.88261
10.5, 8, -5.42132, -2.49256, 9.72305
10.75, 0, -5.71178, 2.55275, 9.51588
10.75, 0.25, -5.70687, 2.39115, 9.51291
10.75, 0.5, -5.53247, 2.16353, 9.83344
10.75, 0.75, -5.58238, 2.02712, 9.72247
10.75, 1, -5.52393, 1.8516, 9.8279
10.75, 1.25, -6.4514, 1.98227, 8.33428
10.75, 1.5, -6.36927, 1.77913, 8.43416
10.75, 1.75, -6.40219, 1.60949, 8.38191
10.75, 2, -6.43943, 1.43898, 8.3284
10.75, 2.25, -6.47586, 1.26623, 8.27621
10.75, 2.5, -6.08001, 1.019, 8.8549
10.75, 2.75, -6.07784, 0.84886, 8.85352
10.75, 3, -6.07637, 0.678924, 8.85319
10.75, 3.25, -6.07495, 0.509074, 8.8519
10.75, 3.5, -6.07249, 0.339245, 8.85235
10.75, 3.75, -6.07354, 0.169652, 8.85161
10.75, 4, -6.07358, 7.43799e-16, 8.85143
10.75, 4.25, -6.07354, -0.169652, 8.85161
10.75, 4.5, -6.07249, -0.339245, 8.85235
10.75, 4.75, -6.07495, -0.509074, 8.8519
10.75, 5, -6.07637, -0.678924, 8.85319
10.75, 5.25, -6.07784, -0.84886, 8.85352
10.75, 5.5, -6.08001, -1.019, 8.8549
10.75, 5.75, -6.08066, -1.18896, 8.85745
10.75, 6, -6.43943, -1.43898, 8.3284
10.75, 6.25, -6.40219, -1.60949, 8.38191
10.75, 6.5, -6.36927, -1.77913, 8.43416
10.75, 6.75, -6.4514, -1.98227, 8.33428
10.75, 7, -5.52393, -1.8516, 9.8279
10.75, 7.25, -5.58238, -2.02712, 9.72247
10.75, 7.5, -5.53247, -2.16353, 9.83344
10.75, 7.75, -5.70687, -2.39115, 9.51291
10.75, 8, -5.71178, -2.55275, 9.51588
11, 0, -5.98535, 2.60233, 9.36369
11, 0.25, -5.8585, 2.38797, 9.57398
11, 0.5, -5.91379, 2.24981, 9.46445
11, 0.75, -5.79036, 2.04551, 9.67577
11, 1, -5.81524, 1.89627, 9.61913
11, 1.25, -5.72556, 1.71144, 9.7782
11, 1.5, -5.72068, 1.55453, 9.77749
11, 1.75, -5.62157, 1.37484, 9.96073
11, 2, -5.61876, 1.22147, 9.95929
11, 2.25, -6.26412, 1.19154, 8.87099
11, 2.5, -6.26211, 1.021, 8.87016
11, 2.75, -6.25987, 0.850525, 8.86914
11, 3, -6.25664, 0.680069, 8.86877
11, 3.25, -6.25701, 0.510083, 8.86769
11, 3.5, -6.25573, 0.339985, 8.86677
11, 3.75, -6.25377, 0.169939, 8.8675
11, 4, -6.25376, 7.65865e-16, 8.86734
11, 4.25, -6.25377, -0.169939, 8.8675
11, 4.5, -6.25573, -0.339985, 8.86677
11, 4.75, -6.25701, -0.510083, 8.86769
11, 5, -6.25664, -0.680069, 8.86877
11, 5.25, -6.25987, -0.850525, 8.86914
11, 5.5, -6.26211, -1.021, 8.87016
11, 5.75, -6.26412, -1.19154, 8.87099
11, 6, -5.61876, -1.22147, 9.95929
11, 6.25, -5.62157, -1.37484, 9.96073
11, 6.5, -5.72068, -1.55453, 9.77749
11, 6.75, -5.72556, -1.71144, 9.7782
11, 7, -5.81524, -1.89627, 9.61913
11, 7.25, -5.79036, -2.04551, 9.67577
11, 7.5, -5.91379, -2.24981, 9.46445
11, 7.75, -5.8585, -2.38797, 9.57398
11, 8, -5.98535, -2.60233, 9.36369
11.25, 0, -6.1696, 2.61147, 9.37241
11.25, 0.25, -6.13235, 2.43347, 9.42225
11.25, 0.5, -6.22445, 2.30535, 9.26064
11.25, 0.75, -6.09217, 2.09519, 9.46954
11.25, 1, -6.02444, 1.91252, 9.5744
11.25, 1.25, -6.02033, 1.75195, 9.57209
11.25, 1.5, -5.95822, 1.57625, 9.67686
11.25, 1.75, -5.98317, 1.42456, 9.6218
11.25, 2, -5.98184, 1.266, 9.6196
11.25, 2.25, -6.41976, 1.18884, 8.9289
11.25, 2.5, -6.41927, 1.01893, 8.92674
11.25, 2.75, -6.41559, 0.848623, 8.92633
11.25, 3, -6.41556, 0.678895, 8.925
11.25, 3.25, -6.4142, 0.509063, 8.92374
11.25, 3.5, -6.41148, 0.339232, 8.92444
11.25, 3.75, -6.41288, 0.169653, 8.92334
11.25, 4, -6.41101, 7.85123e-16, 8.92401
11.25, 4.25, -6.41288, -0.169653, 8.92334
11.25, 4.5, -6.41148, -0.339232, 8.92444
11.25, 4.75, -6.4142, -0.509063, 8.92374
11.25, 5, -6.41556, -0.678895, 8.925
11.25, 5.25, -6.41559, -0.848623, 8.92633
11.25, 5.5, -6.41927, -1.01893, 8.92674
11.25, 5.75, -6.41976, -1.18884, 8.9289
11.25, 6, -6.42263, -1.35929, 8.93024
11.25, 6.25, -5.98317, -1.42456, 9.6218
11.25, 6.5, -5.95822, -1.57625, 9.67686
11.25, 6.75, -6.02033, -1.75195, 9.57209
11.25, 7, -6.02444, -1.91252, 9.5744
11.25, 7.25, -6.09217, -2.09519, 9.46954
11.25, 7.5, -6.22445, -2.30535, 9.26064
11.25, 7.75, -6.13235, -2.43347, 9.42225
11.25, 8, -6.1696, -2.61147, 9.37241
11.5, 0, -6.71552, 2.76929, 8.85478
11.5, 0.25, -6.59699, 2.55038, 9.00825
11.5, 0.5, -6.66424, 2.40462, 8.9016
11.5, 0.75, -6.5143, 2.18262, 9.10748
11.5, 1, -6.30304, 1.94939, 9.42236
11.5, 1.25, -6.61214, 1.87458, 8.94638
11.5, 1.5, -6.29694, 1.62292, 9.41749
11.5, 1.75, -6.42585, 1.49053, 9.20463
11.5, 2, -6.1943, 1.27718, 9.57381
11.5, 2.25, -6.60116, 1.19093, 8.9458
11.5, 2.5, -6.59915, 1.02049, 8.94445
11.5, 2.75, -6.59693, 0.850119, 8.94349
11.5, 3, -6.59373, 0.679766, 8.94371
11.5, 3.25, -6.55079, 0.506504, 8.98711
11.5, 3.5, -6.55086, 0.337673, 8.98595
11.5, 3.75, -6.5909, 0.169868, 8.9418
11.5, 4, -6.59056, 8.07111e-16, 8.94162
11.5, 4.25, -6.5909, -0.169868, 8.9418
11.5, 4.5, -6.55086, -0.337673, 8.98595
11.5, 4.75, -6.55079, -0.506504, 8.98711
11.5, 5, -6.59373, -0.679766, 8.94371
11.5, 5.25, -6.59693, -0.850119, 8.94349
11.5, 5.5, -6.59915, -1.02049, 8.94445
11.5, 5.75, -6.60116, -1.19093, 8.9458
11.5, 6, -6.60401, -1.36165, 8.94742
11.5, 6.25, -6.42585, -1.49053, 9.20463
11.5, 6.5, -6.29694, -1.62292, 9.41749
11.5, 6.75, -6.61214, -1.87458, 8.94638
11.5, 7, -6.30304, -1.94939, 9.42236
11.5, 7.25, -6.5143, -2.18262, 9.10748
11.5, 7.5, -6.66424, -2.40462, 8.9016
11.5, 7.75, -6.59699, -2.55038, 9.00825
11.5, 8, -6.71552, -2.76929, 8.85478
11.75, 0, -6.91245, 2.77887, 8.86363
11.75, 0.25, -6.98774, 2.63357, 8.75623
11.75, 0.5, -6.86303, 2.41413, 8.90906
11.75, 0.75, -6.7801, 2.21461, 9.01165
11.75, 1, -6.7749, 2.04268, 9.00906
11.75, 1.25, -6.69776, 1.85114, 9.1107
11.75, 1.5, -6.58456, 1.65441, 9.26737
11.75, 1.75, -6.6179, 1.49651, 9.21214
11.75, 2, -6.51006, 1.30855, 9.36895
11.75, 2.25, -6.75552, 1.18816, 9.00384
11.75, 2.5, -6.75139, 1.0178, 9.00372
11.75, 2.75, -6.7512, 0.848141, 9.00197
11.75, 3, -6.74795, 0.678186, 9.00165
11.75, 3.25, -6.74831, 0.508666, 9.0001
11.75, 3.5, -6.74726, 0.339058, 8.99992
11.75, 3.75, -6.74676, 0.169517, 8.99954
11.75, 4, -6.74483, 8.26004e-16, 9.00017
11.75, 4.25, -6.74676, -0.169517, 8.99954
11.75, 4.5, -6.74726, -0.339058, 8.99992
11.75, 4.75, -6.74831, -0.508666, 9.0001
11.75, 5, -6.74795, -0.678186, 9.00165
11.75, 5.25, -6.7512, -0.848141, 9.00197
11.75, 5.5, -6.75139, -1.0178, 9.00372
11.75, 5.75, -6.75552, -1.18816, 9.00384
11.75, 6, -6.75685, -1.35816, 9.00696
11.75, 6.25, -6.6179, -1.49651, 9.21214
11.75, 6.5, -6.58456, -1.65441, 9.26737
11.75, 6.75, -6.69776, -1.85114, 9.1107
11.75, 7, -6.7749, -2.04268, 9.00906
11.75, 7.25, -6.7801, -2.21461, 9.01165
11.75, 7.5, -6.86303, -2.41413, 8.90906
11.75, 7.75, -6.98774, -2.63357, 8.75623
11.75, 8, -6.91245, -2.77887, 8.86363
12, 0, -6.95556, 2.72767, 9.07969
12, 0.25, -6.98701, 2.56875, 9.02542
12, 0.5, -6.98101, 2.39545, 9.02221
12, 0.75, -7.13712, 2.27408, 8.81053
12, 1, -7.09133, 2.08569, 8.8601
12, 1.25, -7.0062, 1.88893, 8.96195
12, 1.5, -6.92493, 1.69729, 9.06457
12, 1.75, -6.91974, 1.52641, 9.06338
12, 2, -6.95617, 1.36396, 9.00872
12, 2.25, -6.90834, 1.18526, 9.06366
12, 2.5, -6.90436, 1.01535, 9.06303
12, 2.75, -6.90203, 0.845836, 9.06205
12, 3, -6.90072, 0.676541, 9.06125
12, 3.25, -6.8992, 0.507294, 9.06062
12, 3.5, -6.9001, 0.33824, 9.05938
12, 3.75, -6.8997, 0.16911, 9.05889
12, 4, -6.89763, 8.44716e-16, 9.05969
12, 4.25, -6.8997, -0.16911, 9.05889
12, 4.5, -6.9001, -0.33824, 9.05938
12, 4.75, -6.8992, -0.507294, 9.06062
12, 5, -6.90072, -0.676541, 9.06125
12, 5.25, -6.90203, -0.845836, 9.06205
12, 5.5, -6.90436, -1.01535, 9.06303
12, 5.75, -6.90834, -1.18526, 9.06366
12, 6, -6.95359, -1.36345, 9.02102
12, 6.25, -6.91974, -1.52641, 9.06338
12, 6.5, -6.92493, -1.69729, 9.06457
12, 6.75, -7.0062, -1.88893, 8.96195
12, 7, -7.09133, -2.08569, 8.8601
12, 7.25, -7.13712, -2.27408, 8.81053
12, 7.5, -6.98101, -2.39545, 9.02221
12, 7.75, -6.98701, -2.56875, 9.02542
12, 8, -6.95556, -2.72767, 9.07969
12.25, 0, -6.22169, 2.38151, 10.5916
12.25, 0.25, -6.24463, 2.24089, 10.533
12.25, 0.5, -6.13123, 2.05352, 10.7529
12.25, 0.75, -7.13294, 2.21838, 9.08053
12.25, 1, -7.16747, 2.05765, 9.02574
12.25, 1.25, -7.12519, 1.87505, 9.07498
12.25, 1.5, -7.32251, 1.7518, 8.81339
12.25, 1.75, -7.19684, 1.54956, 8.9665
12.25, 2, -7.10739, 1.36027, 9.08016
12.25, 2.25, -7.10302, 1.1895, 9.07986
12.25, 2.5, -7.05714, 1.01299, 9.12261
12.25, 2.75, -7.09823, 0.849071, 9.07711
12.25, 3, -7.09841, 0.679273, 9.07552
12.25, 3.25, -7.05064, 0.506027, 9.12109
12.25, 3.5, -7.04943, 0.337293, 9.12034
12.25, 3.75, -7.04912, 0.168639, 9.11991
12.25, 4, -7.04885, 8.63235e-16, 9.11987
12.25, 4.25, -7.04912, -0.168639, 9.11991
12.25, 4.5, -7.04943, -0.337293, 9.12034
12.25, 4.75, -7.05064, -0.506027, 9.12109
12.25, 5, -7.09841, -0.679273, 9.07552
12.25, 5.25, -7.09823, -0.849071, 9.07711
12.25, 5.5, -7.05714, -1.01299, 9.12261
12.25, 5.75, -7.10302, -1.1895, 9.07986
12.25, 6, -7.10739, -1.36027, 9.08016
12.25, 6.25, -7.19684, -1.54956, 8.9665
12.25, 6.5, -7.32251, -1.7518, 8.81339
12.25, 6.75, -7.12519, -1.87505, 9.07498
12.25, 7, -7.16747, -2.05765, 9.02574
12.25, 7.25, -7.13294, -2.21838, 9.08053
12.25, 7.5, -6.13123, -2.05352, 10.7529
12.25, 7.75, -6.24463, -2.24089, 10.533
12.25, 8, -6.22169, -2.38151, 10.5916
12.5, 0, -6.58472, 2.46158, 10.2452
12.5, 0.25, -6.47582, 2.26956, 10.4303
12.5, 0.5, -6.54612, 2.14125, 10.2936
12.5, 0.75, -6.34997, 1.92873, 10.6473
12.5, 1, -6.40443, 1.79564, 10.5333
12.5, 1.25, -6.45873, 1.65995, 10.4204
12.5, 1.5, -6.28398, 1.46822, 10.7521
12.5, 1.75, -7.21268, 1.51668, 9.2076
12.5, 2, -7.25758, 1.35656, 9.14068
12.5, 2.25, -7.20742, 1.17878, 9.18573
12.5, 2.5, -7.20561, 1.01013, 9.18452
12.5, 2.75, -7.20312, 0.841486, 9.18329
12.5, 3, -7.20183, 0.673068, 9.182
12.5, 3.25, -7.24524, 0.507844, 9.13658
12.5, 3.5, -7.20054, 0.336474, 9.18024
12.5, 3.75, -7.19839, 0.168187, 9.18103
12.5, 4, -7.19833, 8.81541e-16, 9.18098
12.5, 4.25, -7.19839, -0.168187, 9.18103
12.5, 4.5, -7.20054, -0.336474, 9.18024
12.5, 4.75, -7.24524, -0.507844, 9.13658
12.5, 5, -7.20183, -0.673068, 9.182
12.5, 5.25, -7.20312, -0.841486, 9.18329
12.5, 5.5, -7.20561, -1.01013, 9.18452
12.5, 5.75, -7.20742, -1.17878, 9.18573
12.5, 6, -7.25758, -1.35656, 9.14068
12.5, 6.25, -7.21362, -1.51688, 9.18903
12.5, 6.5, -6.28398, -1.46822, 10.7521
12.5, 6.75, -6.45873, -1.65995, 10.4204
12.5, 7, -6.40443, -1.79564, 10.5333
12.5, 7.25, -6.34997, -1.92873, 10.6473
12.5, 7.5, -6.54612, -2.14125, 10.2936
12.5, 7.75, -6.47582, -2.26956, 10.4303
12.5, 8, -6.58472, -2.46158, 10.2452
12.75, 0, -6.79514, 2.48224, 10.1983
12.75, 0.25, -6.85294, 2.3469, 10.0872
12.75, 0.5, -6.73546, 2.15289, 10.2723
12.75, 0.75, -6.81117, 2.02158, 10.1363
12.75, 1, -6.57654, 1.80179, 10.5417
12.75, 1.25, -6.60023, 1.65759, 10.4852
12.75, 1.5, -6.6877, 1.52687, 10.3175
12.75, 1.75, -6.5062, 1.33689, 10.6476
12.75, 2, -7.36047, 1.34438, 9.24801
12.75, 2.25, -7.35588, 1.1756, 9.24741
12.75, 2.5, -7.35532, 1.00758, 9.24535
12.75, 2.75, -7.39852, 0.84458, 9.19849
12.75, 3, -7.39525, 0.675365, 9.19895
12.75, 3.25, -7.39586, 0.506566, 9.19711
12.75, 3.5, -7.39314, 0.337586, 9.19739
12.75, 3.75, -7.39443, 0.168823, 9.19645
12.75, 4, -7.39245, 9.05314e-16, 9.19765
12.75, 4.25, -7.39443, -0.168823, 9.19645
12.75, 4.5, -7.39314, -0.337586, 9.19739
12.75, 4.75, -7.39586, -0.506566, 9.19711
12.75, 5, -7.39525, -0.675365, 9.19895
12.75, 5.25, -7.39852, -0.84458, 9.19849
12.75, 5.5, -7.35532, -1.00758, 9.24535
12.75, 5.75, -7.35588, -1.1756, 9.24741
12.75, 6, -7.36047, -1.34438, 9.24801
12.75, 6.25, -7.40751, -1.52209, 9.20515
12.75, 6.5, -6.6877, -1.52687, 10.3175
12.75, 6.75, -6.60023, -1.65759, 10.4852
12.75, 7, -6.57654, -1.80179, 10.5417
12.75, 7.25, -6.81117, -2.02158, 10.1363
12.75, 7.5, -6.73546, -2.15289, 10.2723
12.75, 7.75, -6.85294, -2.3469, 10.0872
12.75, 8, -6.79514, -2.48224, 10.1983
13, 0, -7.39952, 2.64268, 9.56013
13, 0.25, -7.24381, 2.42538, 9.77185
13, 0.5, -7.02853, 2.19642, 10.0929
13, 0.75, -7.16315, 2.07859, 9.87299
13, 1, -6.96903, 1.86671, 10.1666
13, 1.25, -6.96644, 1.71051, 10.1634
13, 1.5, -6.83363, 1.52536, 10.3806
13, 1.75, -7.04176, 1.41464, 10.028
13, 2, -7.55161, 1.3485, 9.26576
13, 2.25, -7.54891, 1.17952, 9.26437
13, 2.5, -7.54817, 1.01092, 9.26226
13, 2.75, -7.54432, 0.842, 9.2622
13, 3, -7.54439, 0.673606, 9.26053
13, 3.25, -7.54308, 0.505117, 9.25974
13, 3.5, -7.54033, 0.336622, 9.25995
13, 3.75, -7.54172, 0.168342, 9.25888
13, 4, -7.5395, 9.23322e-16, 9.25969
13, 4.25, -7.54172, -0.168342, 9.25888
13, 4.5, -7.54033, -0.336622, 9.25995
13, 4.75, -7.54308, -0.505117, 9.25974
13, 5, -7.54439, -0.673606, 9.26053
13, 5.25, -7.54432, -0.842, 9.2622
13, 5.5, -7.54817, -1.01092, 9.26226
13, 5.75, -7.54891, -1.17952, 9.26437
13, 6, -7.55161, -1.3485, 9.26576
13, 6.25, -7.55678, -1.5181, 9.26638
13, 6.5, -6.83363, -1.52536, 10.3806
13, 6.75, -6.96644, -1.71051, 10.1634
13, 7, -6.96903, -1.86671, 10.1666
13, 7.25, -7.16315, -2.07859, 9.87299
13, 7.5, -7.02853, -2.19642, 10.0929
13, 7.75, -7.24381, -2.42538, 9.77185
13, 8, -7.39952, -2.64268, 9.56013
13.25, 0, -7.59218, 2.65229, 9.56829
13.25, 0.25, -7.50851, 2.45912, 9.67209
13.25, 0.5, -7.42525, 2.26973, 9.77763
13.25, 0.75, -7.38274, 2.09554, 9.82902
13.25, 1, -7.25194, 1.90007, 10.0121
13.25, 1.25, -7.44843, 1.78892, 9.71697
13.25, 1.5, -7.17664, 1.56695, 10.1158
13.25, 1.75, -7.3317, 1.44073, 9.87371
13.25, 2, -7.69952, 1.34489, 9.32816
13.25, 2.25, -7.69443, 1.176, 9.32775
13.25, 2.5, -7.69221, 1.00771, 9.32652
13.25, 2.75, -7.69006, 0.839526, 9.32537
13.25, 3, -7.69029, 0.671641, 9.32364
13.25, 3.25, -7.64018, 0.500449, 9.37002
13.25, 3.5, -7.68792, 0.335717, 9.32265
13.25, 3.75, -7.64078, 0.166829, 9.36826
13.25, 4, -7.63851, 9.35448e-16, 9.36904
13.25, 4.25, -7.64078, -0.166829, 9.36826
13.25, 4.5, -7.68792, -0.335717, 9.32265
13.25, 4.75, -7.64018, -0.500449, 9.37002
13.25, 5, -7.69029, -0.671641, 9.32364
13.25, 5.25, -7.69006, -0.839526, 9.32537
13.25, 5.5, -7.69221, -1.00771, 9.32652
13.25, 5.75, -7.69443, -1.176, 9.32775
13.25, 6, -7.69952, -1.34489, 9.32816
13.25, 6.25, -7.70073, -1.51324, 9.33062
13.25, 6.5, -7.17664, -1.56695, 10.1158
13.25, 6.75, -7.44843, -1.78892, 9.71697
13.25, 7, -7.25194, -1.90007, 10.0121
13.25, 7.25, -7.38274, -2.09554, 9.82902
13.25, 7.5, -7.42525, -2.26973, 9.77763
13.25, 7.75, -7.50851, -2.45912, 9.67209
13.25, 8, -7.59218, -2.65229, 9.56829
13.5, 0, -7.90819, 2.70365, 9.41747
13.5, 0.25, -7.69648, 2.46682, 9.68219
13.5, 0.5, -7.81162, 2.33681, 9.5191
13.5, 0.75, -7.76694, 2.15748, 9.56887
13.5, 1, -7.72027, 1.97956, 9.62101
13.5, 1.25, -7.65834, 1.80004, 9.69479
13.5, 1.5, -7.57738, 1.6191, 9.7995
13.5, 1.75, -7.84522, 1.5087, 9.39529
13.5, 2, -7.84337, 1.34075, 9.39202
13.5, 2.25, -7.84097, 1.1728, 9.391
13.5, 2.5, -7.83674, 1.00471, 9.3911
13.5, 2.75, -7.83503, 0.837076, 9.38976
13.5, 3, -7.83472, 0.669634, 9.38784
13.5, 3.25, -7.83126, 0.502004, 9.38814
13.5, 3.5, -7.83064, 0.334643, 9.38741
13.5, 3.75, -7.82983, 0.167304, 9.3873
13.5, 4, -7.82973, 9.58865e-16, 9.38729
13.5, 4.25, -7.82983, -0.167304, 9.3873
13.5, 4.5, -7.83064, -0.334643, 9.38741
13.5, 4.75, -7.83126, -0.502004, 9.38814
13.5, 5, -7.83472, -0.669634, 9.38784
13.5, 5.25, -7.83503, -0.837076, 9.38976
13.5, 5.5, -7.83674, -1.00471, 9.3911
13.5, 5.75, -7.84097, -1.1728, 9.391
13.5, 6, -7.84337, -1.34075, 9.39202
13.5, 6.25, -7.84522, -1.5087, 9.39529
13.5, 6.5, -7.57738, -1.6191, 9.7995
13.5, 6.75, -7.65834, -1.80004, 9.69479
13.5, 7, -7.72027, -1.97956, 9.62101
13.5, 7.25, -7.76694, -2.15748, 9.56887
13.5, 7.5, -7.81162, -2.33681, 9.5191
13.5, 7.75, -7.69648, -2.46682, 9.68219
13.5, 8, -7.90819, -2.70365, 9.41747
13.75, 0, -6.79708, 2.27517, 11.5176
13.75, 0.25, -7.78846, 2.44408, 9.82237
13.75, 0.5, -7.98691, 2.33926, 9.55018
13.75, 0.75, -7.93798, 2.15887, 9.60236
13.75, 1, -7.9332, 1.9916, 9.60024
13.75, 1.25, -8.01234, 1.84384, 9.49124
13.75, 1.5, -7.96743, 1.66683, 9.54153
13.75, 1.75, -8.03655, 1.51316, 9.41348
13.75, 2, -8.03476, 1.34473, 9.41136
13.75, 2.25, -8.03223, 1.17627, 9.40944
13.75, 2.5, -7.97989, 1.00166, 9.45598
13.75, 2.75, -8.02559, 0.839497, 9.40844
13.75, 3, -8.02392, 0.671458, 9.40767
13.75, 3.25, -7.9762, 0.500598, 9.45243
13.75, 3.5, -7.97551, 0.333703, 9.45176
13.75, 3.75, -8.02096, 0.167802, 9.40613
13.75, 4, -8.02101, 9.8229e-16, 9.40588
13.75, 4.25, -8.02096, -0.167802, 9.40613
13.75, 4.5, -7.97551, -0.333703, 9.45176
13.75, 4.75, -7.9762, -0.500598, 9.45243
13.75, 5, -8.02392, -0.671458, 9.40767
13.75, 5.25, -8.02559, -0.839497, 9.40844
13.75, 5.5, -7.97989, -1.00166, 9.45598
13.75, 5.75, -8.03223, -1.17627, 9.40944
13.75, 6, -8.03476, -1.34473, 9.41136
13.75, 6.25, -8.03655, -1.51316, 9.41348
13.75, 6.5, -7.99347, -1.67227, 9.46067
13.75, 6.75, -8.01234, -1.84384, 9.49124
13.75, 7, -7.9332, -1.9916, 9.60024
13.75, 7.25, -7.93798, -2.15887, 9.60236
13.75, 7.5, -7.98691, -2.33926, 9.55018
13.75, 7.75, -7.78846, -2.44408, 9.82237
13.75, 8, -6.79708, -2.27517, 11.5176
14, 0, -7.16311, 2.34856, 11.1281
14, 0.25, -7.04058, 2.16411, 11.3523
14, 0.5, -7.0939, 2.03514, 11.2357
14, 0.75, -7.08983, 1.88868, 11.233
14, 1, -6.99918, 1.72111, 11.4017
14, 1.25, -7.87827, 1.77584, 9.92956
14, 1.5, -7.99369, 1.63805, 9.76595
14, 1.75, -8.18038, 1.50868, 9.47826
14, 2, -8.1772, 1.34052, 9.47671
14, 2.25, -8.12579, 1.16558, 9.52178
14, 2.5, -8.17008, 1.00452, 9.47489
14, 2.75, -8.16777, 0.836862, 9.47398
14, 3, -8.16601, 0.669345, 9.47331
14, 3.25, -8.16644, 0.502035, 9.47158
14, 3.5, -8.11627, 0.332634, 9.51823
14, 3.75, -8.16522, 0.16732, 9.47068
14, 4, -8.16488, 9.9991e-16, 9.47057
14, 4.25, -8.16522, -0.16732, 9.47068
14, 4.5, -8.11627, -0.332634, 9.51823
14, 4.75, -8.16644, -0.502035, 9.47158
14, 5, -8.16601, -0.669345, 9.47331
14, 5.25, -8.16777, -0.836862, 9.47398
14, 5.5, -8.17008, -1.00452, 9.47489
14, 5.75, -8.12579, -1.16558, 9.52178
14, 6, -8.1772, -1.34052, 9.47671
14, 6.25, -8.18038, -1.50868, 9.47826
14, 6.5, -8.18221, -1.67668, 9.48093
14, 6.75, -7.87827, -1.77584, 9.92956
14, 7, -6.99918, -1.72111, 11.4017
14, 7.25, -7.08983, -1.88868, 11.233
14, 7.5, -7.0939, -2.03514, 11.2357
14, 7.75, -7.04058, -2.16411, 11.3523
14, 8, -7.16311, -2.34856, 11.1281
14.25, 0, -7.39756, 2.37673, 11.0235
14.25, 0.25, -7.39063, 2.22609, 11.0218
14.25, 0.5, -7.32526, 2.05931, 11.1307
14.25, 0.75, -7.28991, 1.90299, 11.1849
14.25, 1, -7.40872, 1.78523, 10.958
14.25, 1.25, -7.19274, 1.58876, 11.3513
14.25, 1.5, -7.24657, 1.45513, 11.2363
14.25, 1.75, -8.29478, 1.49906, 9.58203
14.25, 2, -8.3395, 1.33968, 9.53483
14.25, 2.25, -8.33638, 1.17178, 9.53301
14.25, 2.5, -8.28598, 0.998311, 9.57802
14.25, 2.75, -8.2843, 0.831757, 9.57673
14.25, 3, -8.33159, 0.669204, 9.52867
14.25, 3.25, -8.28098, 0.498854, 9.57535
14.25, 3.5, -8.32763, 0.334443, 9.52891
14.25, 3.75, -8.27745, 0.166214, 9.5755
14.25, 4, -8.27759, 1.01371e-15, 9.57585
14.25, 4.25, -8.27745, -0.166214, 9.5755
14.25, 4.5, -8.32763, -0.334443, 9.52891
14.25, 4.75, -8.28098, -0.498854, 9.57535
14.25, 5, -8.33159, -0.669204, 9.52867
14.25, 5.25, -8.2843, -0.831757, 9.57673
14.25, 5.5, -8.28598, -0.998311, 9.57802
14.25, 5.75, -8.33638, -1.17178, 9.53301
14.25, 6, -8.3395, -1.33968, 9.53483
14.25, 6.25, -8.29478, -1.49906, 9.58203
14.25, 6.5, -8.29671, -1.66601, 9.58465
14.25, 6.75, -7.19274, -1.58876, 11.3513
14.25, 7, -7.40872, -1.78523, 10.958
14.25, 7.25, -7.28991, -1.90299, 11.1849
14.25, 7.5, -7.32526, -2.05931, 11.1307
14.25, 7.75, -7.39063, -2.22609, 11.0218
14.25, 8, -7.39756, -2.37673, 11.0235
14.5, 0, -7.86046, 2.47574, 10.5621
14.5, 0.25, -7.66391, 2.26296, 10.8625
14.5, 0.5, -7.74407, 2.13419, 10.7233
14.5, 0.75, -7.52132, 1.92475, 11.0833
14.5, 1, -7.55119, 1.78375, 11.0232
14.5, 1.25, -7.54552, 1.63387, 11.0222
14.5, 1.5, -7.38705, 1.45414, 11.3022
14.5, 1.75, -8.48386, 1.50305, 9.60159
14.5, 2, -8.48064, 1.33553, 9.59997
14.5, 2.25, -8.47734, 1.16814, 9.59898
14.5, 2.5, -8.47348, 1.00081, 9.59901
14.5, 2.75, -8.47264, 0.833921, 9.59742
14.5, 3, -8.4695, 0.66689, 9.59701
14.5, 3.25, -8.47041, 0.500221, 9.59532
14.5, 3.5, -8.46749, 0.333366, 9.59592
14.5, 3.75, -8.46689, 0.166671, 9.59563
14.5, 4, -8.46673, 1.03687e-15, 9.59589
14.5, 4.25, -8.46689, -0.166671, 9.59563
14.5, 4.5, -8.46749, -0.333366, 9.59592
14.5, 4.75, -8.47041, -0.500221, 9.59532
14.5, 5, -8.4695, -0.66689, 9.59701
14.5, 5.25, -8.47264, -0.833921, 9.59742
14.5, 5.5, -8.47348, -1.00081, 9.59901
14.5, 5.75, -8.47734, -1.16814, 9.59898
14.5, 6, -8.48064, -1.33553, 9.59997
14.5, 6.25, -8.48386, -1.50305, 9.60159
14.5, 6.5, -8.48769, -1.67081, 9.60374
14.5, 6.75, -7.54552, -1.63387, 11.0222
14.5, 7, -7.55119, -1.78375, 11.0232
14.5, 7.25, -7.52132, -1.92475, 11.0833
14.5, 7.5, -7.74407, -2.13419, 10.7233
14.5, 7.75, -7.66391, -2.26296, 10.8625
14.5, 8, -7.86046, -2.47574, 10.5621
14.75, 0, -8.30865, 2.56638, 10.1888
14.75, 0.25, -8.03562, 2.32692, 10.5696
14.75, 0.5, -8.10282, 2.18995, 10.4572
14.75, 0.75, -7.89739, 1.98197, 10.7568
14.75, 1, -7.9281, 1.83663, 10.6984
14.75, 1.25, -7.85593, 1.66825, 10.8067
14.75, 1.5, -7.78145, 1.50221, 10.9177
14.75, 1.75, -8.62251, 1.49812, 9.6698
14.75, 2, -8.61936, 1.33118, 9.66822
14.75, 2.25, -8.61622, 1.16435, 9.66643
14.75, 2.5, -8.61226, 0.997559, 9.66663
14.75, 2.75, -8.61187, 0.831261, 9.66459
14.75, 3, -8.61019, 0.664879, 9.66382
14.75, 3.25, -8.60721, 0.498487, 9.66363
14.75, 3.5, -8.60572, 0.332267, 9.6638
14.75, 3.75, -8.60501, 0.16612, 9.6634
14.75, 4, -8.60722, 1.05408e-15, 9.66219
14.75, 4.25, -8.60501, -0.16612, 9.6634
14.75, 4.5, -8.60572, -0.332267, 9.6638
14.75, 4.75, -8.60721, -0.498487, 9.66363
14.75, 5, -8.61019, -0.664879, 9.66382
14.75, 5.25, -8.61187, -0.831261, 9.66459
14.75, 5.5, -8.61226, -0.997559, 9.66663
14.75, 5.75, -8.61622, -1.16435, 9.66643
14.75, 6, -8.61936, -1.33118, 9.66822
14.75, 6.25, -8.62251, -1.49812, 9.6698
14.75, 6.5, -8.62439, -1.66494, 9.67246
14.75, 6.75, -7.85593, -1.66825, 10.8067
14.75, 7, -7.9281, -1.83663, 10.6984
14.75, 7.25, -7.89739, -1.98197, 10.7568
14.75, 7.5, -8.10282, -2.18995, 10.4572
14.75, 7.75, -8.03562, -2.32692, 10.5696
14.75, 8, -8.30865, -2.56638, 10.1888
15, 0, -8.57968, 2.5999, 10.0903
15, 0.25, -8.40929, 2.389, 10.3053
15, 0.5, -8.44596, 2.23946, 10.2468
15, 0.75, -8.35849, 2.05796, 10.3551
15, 1, -8.35373, 1.89858, 10.3529
15, 1.25, -8.17872, 1.7039, 10.594
15, 1.5, -8.78551, 1.66392, 9.73059
15, 1.75, -8.73325, 1.48862, 9.77498
15, 2, -8.77859, 1.33009, 9.72727
15, 2.25, -8.77697, 1.16361, 9.72489
15, 2.5, -8.77461, 0.997114, 9.72427
15, 2.75, -8.77303, 0.830779, 9.72266
15, 3, -8.76935, 0.664345, 9.72271
15, 3.25, -8.76957, 0.498271, 9.72091
15, 3.5, -8.76718, 0.33209, 9.72221
15, 3.75, -8.76777, 0.166056, 9.72105
15, 4, -8.7661, 1.07354e-15, 9.72134
15, 4.25, -8.76777, -0.166056, 9.72105
15, 4.5, -8.76718, -0.33209, 9.72221
15, 4.75, -8.76957, -0.498271, 9.72091
15, 5, -8.76935, -0.664345, 9.72271
15, 5.25, -8.77303, -0.830779, 9.72266
15, 5.5, -8.77461, -0.997114, 9.72427
15, 5.75, -8.77697, -1.16361, 9.72489
15, 6, -8.77859, -1.33009, 9.72727
15, 6.25, -8.73325, -1.48862, 9.77498
15, 6.5, -8.78551, -1.66392, 9.73059
15, 6.75, -8.78968, -1.83118, 9.73246
15, 7, -8.35373, -1.89858, 10.3529
15, 7.25, -8.35849, -2.05796, 10.3551
15, 7.5, -8.44596, -2.23946, 10.2468
15, 7.75, -8.40929, -2.389, 10.3053
15, 8, -8.57968, -2.5999, 10.0903
15.25, 0, -8.6649, 2.57692, 10.2326
15.25, 0.25, -8.66032, 2.41459, 10.2292
15.25, 0.5, -8.8023, 2.29056, 10.0405
15.25, 0.75, -8.64907, 2.08992, 10.2237
15.25, 1, -8.68455, 1.93707, 10.1681
15.25, 1.25, -8.55739, 1.74965, 10.3287
15.25, 1.5, -8.97424, 1.66807, 9.75234
15.25, 1.75, -8.91848, 1.49194, 9.79795
15.25, 2, -8.91707, 1.32596, 9.79531
15.25, 2.25, -8.91216, 1.15958, 9.79496
15.25, 2.5, -8.90954, 0.993629, 9.79368
15.25, 2.75, -8.90816, 0.827896, 9.79268
15.25, 3, -8.90603, 0.662158, 9.79225
15.25, 3.25, -8.90446, 0.496531, 9.79114
15.25, 3.5, -8.90351, 0.330985, 9.79059
15.25, 3.75, -8.90289, 0.165481, 9.79032
15.25, 4, -8.90298, 1.0903e-15, 9.79004
15.25, 4.25, -8.90289, -0.165481, 9.79032
15.25, 4.5, -8.90351, -0.330985, 9.79059
15.25, 4.75, -8.90446, -0.496531, 9.79114
15.25, 5, -8.90603, -0.662158, 9.79225
15.25, 5.25, -8.90816, -0.827896, 9.79268
15.25, 5.5, -8.90954, -0.993629, 9.79368
15.25, 5.75, -8.91216, -1.15958, 9.79496
15.25, 6, -8.91707, -1.32596, 9.79531
15.25, 6.25, -8.91848, -1.49194, 9.79795
15.25, 6.5, -8.97424, -1.66807, 9.75234
15.25, 6.75, -8.92624, -1.82507, 9.80118
15.25, 7, -8.68455, -1.93707, 10.1681
15.25, 7.25, -8.64907, -2.08992, 10.2237
15.25, 7.5, -8.8023, -2.29056, 10.0405
15.25, 7.75, -8.66032, -2.41459, 10.2292
15.25, 8, -8.6649, -2.57692, 10.2326
15.5, 0, -7.86966, 2.29771, 11.7591
15.5, 0.25, -7.64271, 2.09198, 12.1903
15.5, 0.5, -8.67528, 2.21631, 10.4575
15.5, 0.75, -8.66987, 2.05672, 10.455
15.5, 1, -8.83185, 1.93398, 10.2333
15.5, 1.25, -8.91509, 1.78952, 10.1214
15.5, 1.5, -9.05719, 1.65277, 9.86938
15.5, 1.75, -9.10765, 1.49578, 9.81879
15.5, 2, -9.10244, 1.32882, 9.8185
15.5, 2.25, -9.04954, 1.15596, 9.86335
15.5, 2.5, -9.09837, 0.996172, 9.81512
15.5, 2.75, -9.04364, 0.82515, 9.86234
15.5, 3, -9.0412, 0.659941, 9.86168
15.5, 3.25, -9.04159, 0.494977, 9.8599
15.5, 3.5, -9.04087, 0.329959, 9.85935
15.5, 3.75, -9.03828, 0.164932, 9.86
15.5, 4, -9.03944, 1.10701e-15, 9.85962
15.5, 4.25, -9.03828, -0.164932, 9.86
15.5, 4.5, -9.04087, -0.329959, 9.85935
15.5, 4.75, -9.04159, -0.494977, 9.8599
15.5, 5, -9.0412, -0.659941, 9.86168
15.5, 5.25, -9.04364, -0.82515, 9.86234
15.5, 5.5, -9.09837, -0.996172, 9.81512
15.5, 5.75, -9.04954, -1.15596, 9.86335
15.5, 6, -9.10244, -1.32882, 9.8185
15.5, 6.25, -9.10765, -1.49578, 9.81879
15.5, 6.5, -9.05719, -1.65277, 9.86938
15.5, 6.75, -9.06268, -1.81915, 9.87072
15.5, 7, -8.83185, -1.93398, 10.2333
15.5, 7.25, -8.66987, -2.05672, 10.455
15.5, 7.5, -8.67528, -2.21631, 10.4575
15.5, 7.75, -7.64271, -2.09198, 12.1903
15.5, 8, -7.86966, -2.29771, 11.7591
15.75, 0, -7.99066, 2.29123, 11.8539
15.75, 0.25, -8.06455, 2.16789, 11.7095
15.75, 0.5, -7.91705, 1.98636, 11.9655
15.75, 0.75, -7.88482, 1.83697, 12.0206
15.75, 1, -7.93948, 1.70741, 11.903
15.75, 1.25, -7.8182, 1.54122, 12.1328
15.75, 1.5, -9.26925, 1.66116, 9.88047
15.75, 1.75, -9.21452, 1.48621, 9.92552
15.75, 2, -9.20958, 1.32037, 9.92514
15.75, 2.25, -9.2085, 1.15519, 9.92268
15.75, 2.5, -9.20599, 0.989891, 9.92147
15.75, 2.75, -9.20174, 0.824529, 9.92164
15.75, 3, -9.19979, 0.659483, 9.92087
15.75, 3.25, -9.19883, 0.494561, 9.92051
15.75, 3.5, -9.19981, 0.329742, 9.91851
15.75, 3.75, -9.19685, 0.164818, 9.91966
15.75, 4, -9.1969, 1.12629e-15, 9.91915
15.75, 4.25, -9.19685, -0.164818, 9.91966
15.75, 4.5, -9.19981, -0.329742, 9.91851
15.75, 4.75, -9.19883, -0.494561, 9.92051
15.75, 5, -9.19979, -0.659483, 9.92087
15.75, 5.25, -9.20174, -0.824529, 9.92164
15.75, 5.5, -9.20599, -0.989891, 9.92147
15.75, 5.75, -9.2085, -1.15519, 9.92268
15.75, 6, -9.20958, -1.32037, 9.92514
15.75, 6.25, -9.21452, -1.48621, 9.92552
15.75, 6.5, -9.26925, -1.66116, 9.88047
15.75, 6.75, -9.27334, -1.82808, 9.88245
15.75, 7, -7.93948, -1.70741, 11.903
15.75, 7.25, -7.88482, -1.83697, 12.0206
15.75, 7.5, -7.91705, -1.98636, 11.9655
15.75, 7.75, -8.06455, -2.16789, 11.7095
15.75, 8, -7.99066, -2.29123, 11.8539
16, 0, -8.27245, 2.33027, 11.6656
16, 0.25, -8.28149, 2.18701, 11.6318
16, 0.5, -8.2931, 2.04407, 11.6035
16, 0.75, -8.14369, 1.86387, 11.8565
16, 1, -8.17174, 1.72642, 11.7967
16, 1.25, -8.13608, 1.57565, 11.8525
16, 1.5, -9.40244, 1.65536, 9.95136
16, 1.75, -9.40093, 1.48958, 9.94831
16, 2, -9.39753, 1.3236, 9.94688
16, 2.25, -9.39423, 1.15774, 9.94525
16, 2.5, -9.392, 0.992113, 9.94414
16, 2.75, -9.38967, 0.826556, 9.94304
16, 3, -9.38807, 0.661132, 9.94258
16, 3.25, -9.38483, 0.495678, 9.94319
16, 3.5, -9.38405, 0.330424, 9.94298
16, 3.75, -9.38302, 0.165194, 9.94257
16, 4, -9.38448, 1.14927e-15, 9.94096
16, 4.25, -9.38302, -0.165194, 9.94257
16, 4.5, -9.38405, -0.330424, 9.94298
16, 4.75, -9.38483, -0.495678, 9.94319
16, 5, -9.38807, -0.661132, 9.94258
16, 5.25, -9.38967, -0.826556, 9.94304
16, 5.5, -9.392, -0.992113, 9.94414
16, 5.75, -9.39423, -1.15774, 9.94525
16, 6, -9.39753, -1.3236, 9.94688
16, 6.25, -9.40093, -1.48958, 9.94831
16, 6.5, -9.40244, -1.65536, 9.95136
16, 6.75, -9.40661, -1.8217, 9.95316
16, 7, -9.41302, -1.98867, 9.95416
16, 7.25, -8.14369, -1.86387, 11.8565
16, 7.5, -8.2931, -2.04407, 11.6035
16, 7.75, -8.28149, -2.18701, 11.6318
16, 8, -8.27245, -2.33027, 11.6656
16.25, 0, -8.65401, 2.39557, 11.3334
16.25, 0.25, -8.64637, 2.24387, 11.3316
16.25, 0.5, -8.49942, 2.05868, 11.5572
16.25, 0.75, -8.52956, 1.91841, 11.4976
16.25, 1, -8.40746, 1.74549, 11.6919
16.25, 1.25, -9.56676, 1.82066, 10.0118
16.25, 1.5, -9.56261, 1.65443, 10.01
16.25, 1.75, -9.50572, 1.48013, 10.0563
16.25, 2, -9.55379, 1.32232, 10.0077
16.25, 2.25, -9.55081, 1.15667, 10.0062
16.25, 2.5, -9.49491, 0.985631, 10.054
16.25, 2.75, -9.54662, 0.825832, 10.0042
16.25, 3, -9.54607, 0.660628, 10.0024
16.25, 3.25, -9.48956, 0.492538, 10.0511
16.25, 3.5, -9.48945, 0.328355, 10.0497
16.25, 3.75, -9.48785, 0.16415, 10.0503
16.25, 4, -9.48969, 1.16215e-15, 10.0491
16.25, 4.25, -9.48785, -0.16415, 10.0503
16.25, 4.5, -9.48945, -0.328355, 10.0497
16.25, 4.75, -9.48956, -0.492538, 10.0511
16.25, 5, -9.54607, -0.660628, 10.0024
16.25, 5.25, -9.54662, -0.825832, 10.0042
16.25, 5.5, -9.49491, -0.985631, 10.054
16.25, 5.75, -9.55081, -1.15667, 10.0062
16.25, 6, -9.55379, -1.32232, 10.0077
16.25, 6.25, -9.50572, -1.48013, 10.0563
16.25, 6.5, -9.56261, -1.65443, 10.01
16.25, 6.75, -9.56676, -1.82066, 10.0118
16.25, 7, -9.51794, -1.97604, 10.0617
16.25, 7.25, -8.52956, -1.91841, 11.4976
16.25, 7.5, -8.49942, -2.05868, 11.5572
16.25, 7.75, -8.64637, -2.24387, 11.3316
16.25, 8, -8.65401, -2.39557, 11.3334
16.5, 0, -9.0216, 2.45486, 11.0625
16.5, 0.25, -9.05637, 2.3103, 11.0027
16.5, 0.5, -8.9314, 2.12652, 11.1703
16.5, 0.75, -8.77738, 1.94058, 11.3944
16.5, 1, -8.77173, 1.79015, 11.3924
16.5, 1.25, -9.69838, 1.81432, 10.0833
16.5, 1.5, -9.6933, 1.64852, 10.0829
16.5, 1.75, -9.68889, 1.48299, 10.0818
16.5, 2, -9.68572, 1.31778, 10.08
16.5, 2.25, -9.68246, 1.15267, 10.0784
16.5, 2.5, -9.67989, 0.987743, 10.0773
16.5, 2.75, -9.67969, 0.823103, 10.075
16.5, 3, -9.67773, 0.658349, 10.0739
16.5, 3.25, -9.67633, 0.49369, 10.0737
16.5, 3.5, -9.67342, 0.329028, 10.0745
16.5, 3.75, -9.6749, 0.164539, 10.0728
16.5, 4, -9.6724, 1.18453e-15, 10.0741
16.5, 4.25, -9.6749, -0.164539, 10.0728
16.5, 4.5, -9.67342, -0.329028, 10.0745
16.5, 4.75, -9.67633, -0.49369, 10.0737
16.5, 5, -9.67773, -0.658349, 10.0739
16.5, 5.25, -9.67969, -0.823103, 10.075
16.5, 5.5, -9.67989, -0.987743, 10.0773
16.5, 5.75, -9.68246, -1.15267, 10.0784
16.5, 6, -9.68572, -1.31778, 10.08
16.5, 6.25, -9.68889, -1.48299, 10.0818
16.5, 6.5, -9.6933, -1.64852, 10.0829
16.5, 6.75, -9.69838, -1.81432, 10.0833
16.5, 7, -9.70165, -1.97993, 10.0871
16.5, 7.25, -8.77738, -1.94058, 11.3944
16.5, 7.5, -8.9314, -2.12652, 11.1703
16.5, 7.75, -9.05637, -2.3103, 11.0027
16.5, 8, -9.0216, -2.45486, 11.0625
